x y flux0 flux1 flux2 width rv
-28.663  30.704 4.43e-16 3.28e-16 2.32e-16 69.95 -415.30
-28.570  30.951 6.19e-16 4.51e-16 2.93e-16 84.41 -415.46
-28.547  30.722 6.81e-16 4.47e-16 2.98e-16 105.36 -415.32
-28.540  31.005 5.72e-16 4.39e-16 2.81e-16 63.86 -415.37
-28.528  30.860 5.34e-16 3.74e-16 2.53e-16 54.55 -415.34
-28.481  30.680 7.01e-16 4.68e-16 3.28e-16 62.34 -415.32
-28.474  30.683 5.54e-16 3.79e-16 2.55e-16 72.59 -415.16
-28.433  30.619 3.85e-16 3.14e-16 2.08e-16 76.91 -415.26
-28.423  30.589 5.02e-16 3.46e-16 2.41e-16 101.92 -415.20
-28.421  30.666 5.35e-16 4.09e-16 2.72e-16 66.37 -415.30
-28.415  30.578 5.27e-16 3.97e-16 2.78e-16 85.49 -415.35
-28.403  30.652 6.26e-16 4.26e-16 3.08e-16 86.22 -415.31
-28.401  30.640 4.80e-16 3.61e-16 2.46e-16 69.84 -415.49
-28.392  30.664 7.11e-16 5.36e-16 3.43e-16 88.45 -415.26
-28.389  30.690 6.43e-16 4.19e-16 2.92e-16 83.27 -415.21
-28.384  30.745 4.89e-16 3.57e-16 2.48e-16 103.41 -415.36
-28.383  30.647 6.85e-16 5.40e-16 3.35e-16 99.10 -415.38
-28.382  30.636 4.66e-16 3.40e-16 2.22e-16 95.72 -415.34
-28.366  30.424 4.72e-16 3.36e-16 2.34e-16 80.17 -415.33
-28.364  30.660 4.38e-16 3.14e-16 2.05e-16 70.96 -415.16
-28.364  30.649 5.36e-16 3.79e-16 2.50e-16 78.34 -415.38
-28.350  30.676 6.49e-16 4.62e-16 3.23e-16 77.56 -415.19
-28.345  30.626 4.06e-16 2.95e-16 1.93e-16 51.31 -415.41
-28.270  30.787 5.19e-16 3.82e-16 2.42e-16 52.78 -415.42
-28.232  30.712 6.04e-16 4.14e-16 3.13e-16 59.67 -415.47
-28.217  30.256 6.04e-16 4.32e-16 3.10e-16 68.97 -415.25
-22.798  41.657 2.02e-17 1.31e-17 9.72e-18 16.14 -2094.01
-22.547  41.403 2.32e-17 1.67e-17 1.17e-17 21.08 -2093.73
-22.500  41.253 2.40e-17 1.69e-17 1.15e-17 11.36 -2093.88
-22.488  41.384 1.86e-17 1.42e-17 8.99e-18 20.26 -2093.63
-22.420  41.230 2.38e-17 1.63e-17 1.09e-17 14.40 -2093.83
-22.408  41.220 2.42e-17 1.60e-17 1.10e-17 11.96 -2093.84
-22.383  41.116 2.18e-17 1.62e-17 1.02e-17 16.69 -2093.82
-22.378  41.312 2.82e-17 2.08e-17 1.26e-17 24.12 -2093.81
-22.347  41.178 1.76e-17 1.41e-17 9.46e-18 11.07 -2093.82
-22.345  41.189 2.24e-17 1.63e-17 1.14e-17 18.16 -2093.88
-22.344  41.218 2.58e-17 1.80e-17 1.15e-17 17.99 -2093.65
-22.340  41.197 2.08e-17 1.39e-17 9.25e-18 22.05 -2093.79
-22.327  41.302 2.28e-17 1.71e-17 1.12e-17 18.21 -2093.90
-22.325  41.201 1.96e-17 1.32e-17 9.22e-18 25.52 -2093.83
-22.323  41.219 2.21e-17 1.60e-17 1.09e-17 21.85 -2093.88
-22.321  41.190 2.69e-17 1.93e-17 1.31e-17 19.22 -2093.84
-22.314  41.174 2.57e-17 1.88e-17 1.28e-17 17.15 -2093.79
-22.311  41.230 2.69e-17 1.87e-17 1.29e-17 13.62 -2093.87
-22.311  41.184 1.93e-17 1.37e-17 9.54e-18 10.77 -2093.70
-22.306  41.327 1.86e-17 1.38e-17 9.99e-18 19.65 -2093.80
-22.296  41.149 1.89e-17 1.38e-17 9.46e-18 14.10 -2093.83
-22.291  41.167 2.32e-17 1.76e-17 1.17e-17 14.25 -2093.67
-22.180  41.104 1.79e-17 1.28e-17 8.79e-18 20.10 -2093.93
-22.085  41.200 1.95e-17 1.54e-17 9.81e-18 13.80 -2093.79
