x y flux0 flux1 flux2 width rv
-27.718   8.565 7.80e-17 5.73e-17 3.35e-17 24.11 -1146.42
-27.597   8.199 7.82e-17 4.74e-17 3.88e-17 14.14 -1146.48
-27.596   8.410 6.99e-17 4.90e-17 3.92e-17 30.90 -1146.50
-27.562   8.553 8.23e-17 6.19e-17 3.87e-17 31.24 -1146.39
-27.555   8.168 8.44e-17 6.13e-17 3.05e-17 20.73 -1146.65
-27.552   8.265 6.55e-17 4.74e-17 4.01e-17 25.37 -1146.70
-27.519   8.351 6.50e-17 5.34e-17 3.71e-17 32.93 -1146.46
-27.512   8.330 7.69e-17 5.25e-17 3.03e-17 37.70 -1146.41
-27.506   8.369 7.77e-17 5.91e-17 3.03e-17 28.30 -1146.53
-27.502   8.374 6.12e-17 5.40e-17 3.94e-17 30.62 -1146.44
-27.500   8.367 7.04e-17 5.75e-17 3.32e-17 28.45 -1146.48
-27.499   8.417 8.96e-17 6.58e-17 3.73e-17 35.84 -1146.62
-27.496   8.360 1.02e-16 5.75e-17 3.72e-17 25.52 -1146.50
-27.486   8.467 9.33e-17 5.12e-17 3.87e-17 22.49 -1146.58
-27.486   8.373 6.67e-17 4.76e-17 3.53e-17 35.13 -1146.67
-27.481   8.323 9.16e-17 6.52e-17 4.76e-17 33.20 -1146.55
-27.472   8.389 6.31e-17 5.11e-17 3.32e-17 23.54 -1146.48
-27.468   8.284 5.88e-17 5.76e-17 3.34e-17 26.14 -1146.56
-27.464   8.249 9.58e-17 5.85e-17 4.31e-17 31.32 -1146.58
-27.448   8.548 9.29e-17 6.73e-17 4.51e-17 32.22 -1146.39
-27.448   8.352 4.95e-17 4.45e-17 2.82e-17 30.56 -1146.62
-27.420   8.393 8.03e-17 4.28e-17 3.86e-17 28.21 -1146.58
-27.394   8.566 6.83e-17 3.80e-17 3.44e-17 26.77 -1146.46
-27.391   8.146 6.72e-17 5.45e-17 3.36e-17 21.31 -1146.62
-27.390   8.393 9.51e-17 5.05e-17 3.83e-17 38.95 -1146.47
