x y flux0 flux1 flux2 width rv
 21.502  24.470 2.29e-17 1.90e-17 1.19e-17 24.58 -2048.79
 21.530  24.966 2.66e-17 2.05e-17 1.08e-17 14.27 -2049.04
 21.569  25.040 2.29e-17 1.64e-17 1.10e-17 15.60 -2049.00
 21.576  24.981 1.93e-17 1.39e-17 9.34e-18 15.51 -2049.00
 21.585  24.965 2.12e-17 1.49e-17 8.53e-18 16.73 -2049.01
 21.585  24.930 1.86e-17 1.41e-17 9.28e-18 11.69 -2049.11
 21.588  25.010 2.20e-17 2.10e-17 1.13e-17 11.70 -2048.80
 21.592  24.977 2.29e-17 1.65e-17 1.12e-17 23.64 -2048.83
 21.597  24.900 2.09e-17 1.50e-17 1.08e-17 16.17 -2048.72
 21.599  24.954 2.78e-17 1.80e-17 1.34e-17 19.91 -2049.02
 21.599  24.948 1.95e-17 1.39e-17 1.05e-17 20.77 -2048.91
 21.604  24.957 2.26e-17 1.69e-17 1.05e-17 18.98 -2048.85
 21.610  24.952 2.72e-17 1.31e-17 9.58e-18 15.53 -2048.96
 21.613  24.949 1.96e-17 1.47e-17 1.05e-17 20.95 -2048.97
 21.614  24.942 3.06e-17 2.15e-17 1.50e-17 12.73 -2049.01
 21.621  25.010 1.91e-17 1.32e-17 1.13e-17 12.32 -2048.99
 21.623  25.051 1.94e-17 1.57e-17 1.17e-17 15.01 -2049.00
 21.625  24.816 2.62e-17 1.83e-17 1.12e-17 12.68 -2048.74
 21.665  24.878 2.60e-17 2.02e-17 1.05e-17 18.04 -2049.09
 21.869  24.958 2.23e-17 1.57e-17 1.24e-17 10.69 -2048.76
