name x y flux1 flux2 flux3 par rv
P03579 -14.594 -43.577 5.92e-14 3.78e-14 2.55e-14   0.026  -17.29
P04801 -14.282 -44.672 1.17e-13 7.90e-14 6.70e-14   0.045  -16.97
P00398 -10.400 -39.124 4.01e-15 5.46e-15 3.61e-15   0.023  -17.24
P03265  -9.347 -42.020 4.12e-14 3.20e-14 2.49e-14   0.027  -17.05
P04325  -8.580 -40.198 3.28e-13 2.02e-13 9.77e-14   0.030  -17.12
P01748  -8.280 -44.149 2.23e-13 1.71e-13 1.04e-13   0.032  -16.94
P02666  -2.259 -43.126 2.74e-15 3.42e-15 2.94e-15   0.023  -16.70
P02311  -0.626 -42.996 3.95e-13 2.60e-13 1.30e-13   0.043  -16.44
P02695  -0.130 -41.925 7.37e-14 5.34e-14 2.49e-14   0.012  -16.67
