x y flux0 flux1 flux2 width rv
 18.922   6.202 9.67e-17 6.82e-17 3.69e-17 30.74 -964.13
 19.002   6.603 8.76e-17 6.45e-17 5.02e-17 35.57 -964.51
 19.010   6.107 8.32e-17 6.35e-17 3.96e-17 18.76 -964.25
 19.047   7.034 1.02e-16 8.48e-17 6.06e-17 31.87 -964.42
 19.082   6.282 1.17e-16 9.98e-17 5.57e-17 34.90 -964.25
 19.111   6.405 1.15e-16 5.35e-17 6.05e-17 33.59 -964.16
 19.128   6.357 7.29e-17 6.76e-17 5.08e-17 30.57 -964.34
 19.135   6.313 8.66e-17 6.31e-17 3.37e-17 58.30 -964.27
 19.147   6.445 9.03e-17 8.28e-17 5.59e-17 40.45 -964.25
 19.151   6.368 1.16e-16 7.84e-17 5.85e-17 39.35 -964.20
 19.154   6.424 6.84e-17 6.33e-17 3.57e-17 42.38 -964.39
 19.165   6.425 1.09e-16 9.00e-17 5.00e-17 29.41 -964.37
 19.173   6.577 8.78e-17 6.17e-17 4.09e-17 37.16 -964.30
 19.176   6.414 8.46e-17 6.84e-17 4.97e-17 34.59 -964.43
 19.205   6.435 1.11e-16 6.53e-17 5.61e-17 36.78 -964.58
 19.238   6.363 1.09e-16 7.40e-17 5.59e-17 44.69 -964.48
 19.297   6.178 1.03e-16 8.32e-17 4.43e-17 41.89 -964.47
 19.563   6.212 9.80e-17 7.74e-17 5.50e-17 33.29 -964.18
