name x y flux1 flux2 flux3 par rv
P06190 -28.227 -27.030 1.19e-15 1.16e-15 1.16e-15   0.013   -5.49
P01801 -26.881 -28.435 4.56e-14 2.67e-14 1.70e-14   0.015   -5.50
P00446 -25.738 -25.769 3.10e-12 1.85e-12 1.02e-12   0.070   -4.56
P03444 -24.227 -29.542 2.39e-14 1.84e-14 1.11e-14   0.012   -5.03
P02859 -23.992 -27.706 2.31e-12 1.17e-12 4.82e-13   0.012   -4.74
P03687 -23.130 -29.908 1.27e-11 8.42e-12 3.76e-12   0.007   -4.97
P00450 -22.288 -28.736 1.21e-14 1.12e-14 9.01e-15   0.020   -4.53
P06090 -19.278 -25.150 3.01e-12 1.40e-12 7.12e-13   0.029   -3.44
P05674 -17.032 -26.385 1.78e-12 1.16e-12 6.96e-13   0.084   -3.02
P00228 -16.421 -22.460 3.08e-13 1.75e-13 8.16e-14   0.008   -2.34
P04923 -16.200 -25.826 2.61e-15 2.49e-15 2.51e-15   0.021   -2.95
P03375 -15.579 -24.489 1.39e-13 1.01e-13 4.45e-14   0.018   -2.62
