name x y flux1 flux2 flux3 par rv
P05314 -21.725  -1.441 1.62e-16 8.98e-17 5.17e-17   0.001    0.82
P05580 -21.743  -1.755 1.85e-15 1.06e-15 3.93e-16   0.000    0.33
P02775 -21.524  -1.004 3.40e-17 2.88e-17 1.58e-17   0.001    1.07
P01995 -20.926  -0.662 3.54e-16 2.24e-16 1.11e-16   0.000    1.31
P04245 -20.880  -0.565 4.35e-16 2.25e-16 1.11e-16   0.001    0.96
P02109 -20.971  -1.066 1.83e-16 1.07e-15 4.02e-15  -0.000    1.29
P00960 -20.749  -0.238 1.95e-16 1.35e-16 6.42e-17   0.001    0.69
P04586 -20.831  -0.487 2.25e-16 1.17e-16 5.62e-17   0.001    0.96
P02460 -20.657  -0.115 2.86e-17 2.30e-17 1.37e-17   0.000    0.24
P03603 -20.308  -1.109 3.59e-14 2.21e-14 1.13e-14  -0.001    0.94
P00047 -20.389  -0.366 6.56e-16 3.78e-16 1.85e-16   0.003    1.03
P05299 -20.209  -0.779 3.91e-14 3.74e-14 2.64e-14   0.000    1.65
P01594 -20.273  -1.495 3.00e-17 2.13e-17 1.19e-17   0.001    0.05
P00748 -20.191  -0.603 1.86e-16 9.94e-17 5.45e-17   0.001    1.09
P04211 -20.284  -0.606 5.77e-15 1.30e-14 1.96e-14   0.000    1.51
P03530 -20.262  -0.174 1.70e-14 9.07e-15 4.41e-15   0.002    0.18
P00278 -20.116  -0.564 1.53e-17 1.27e-17 7.94e-18  -0.001    0.67
P02379 -19.974  -1.002 2.39e-14 1.33e-14 5.53e-15   0.000    1.24
P01053 -20.011  -0.348 2.68e-14 1.45e-14 6.26e-15   0.000    0.76
P05708 -19.665  -1.066 2.86e-17 2.02e-17 1.31e-17   0.001    0.82
P00489 -19.739  -0.832 7.20e-16 3.70e-16 1.69e-16   0.001    2.03
P02119 -19.743  -0.951 5.01e-16 2.81e-16 1.13e-16   0.002    1.37
P05616 -19.639  -0.767 3.68e-17 2.55e-17 1.59e-17  -0.000    2.23
P04006 -19.586  -0.993 7.46e-17 4.73e-17 2.47e-17   0.001    1.17
P03438 -19.525  -0.756 1.42e-17 1.06e-17 7.23e-18  -0.002    2.73
P03166 -19.537  -0.279 4.54e-14 3.24e-14 2.08e-14   0.002    0.69
P02329 -19.504  -1.206 3.05e-17 2.35e-17 1.57e-17  -0.000   -0.05
P05957 -19.603  -0.534 4.22e-17 2.87e-17 1.62e-17   0.001    3.04
P04820 -19.467  -0.690 1.54e-17 1.09e-17 7.61e-18  -0.001    3.06
P05247 -19.566  -0.955 8.96e-16 4.68e-16 2.30e-16   0.001    0.78
P00299 -19.539  -0.036 2.48e-16 1.45e-16 8.12e-17   0.001   -0.38
P00579 -19.574  -0.632 3.42e-17 2.27e-17 1.42e-17  -0.000    3.38
P01890 -19.421  -0.672 1.18e-17 1.01e-17 6.02e-18   0.001    3.38
P02917 -19.452  -0.609 1.09e-14 1.99e-14 2.24e-14  -0.000    2.91
P02538 -19.465  -0.495 1.82e-15 9.50e-16 4.51e-16  -0.000    0.45
P00794 -19.372  -0.645 2.24e-15 1.02e-15 5.53e-16  -0.001    1.49
P02320 -19.249  -0.979 2.25e-16 1.24e-16 5.95e-17   0.002   -0.07
P04589 -19.278  -0.527 5.53e-16 2.75e-16 1.32e-16   0.000   -0.20
P01105 -19.348  -0.686 1.28e-16 7.80e-17 4.34e-17   0.002    4.34
P00167 -19.246  -0.027 6.72e-17 5.17e-17 2.42e-17  -0.000   -0.76
P02432 -19.258  -0.581 1.35e-17 1.02e-17 7.53e-18   0.000    2.43
P02986 -19.150  -0.778 4.49e-14 3.27e-14 2.46e-14  -0.000    2.02
P05094 -19.252  -0.575 2.22e-15 9.92e-16 4.61e-16  -0.000    5.38
P01261 -19.182  -0.607 6.61e-17 3.70e-17 2.70e-17  -0.001    5.17
P00692 -19.152  -0.590 1.68e-16 1.04e-16 5.01e-17  -0.000    5.95
P02943 -19.312  -0.849 1.03e-15 6.20e-16 2.66e-16  -0.000    0.81
P05469 -19.169  -0.450 4.23e-17 3.09e-17 1.70e-17   0.001    0.28
P05003 -19.114  -0.761 2.58e-16 1.42e-16 7.06e-17   0.002   -0.08
P03466 -19.186  -0.471 1.20e-17 9.80e-18 6.41e-18   0.001    6.28
P03233 -19.106  -0.640 1.82e-17 1.37e-17 8.90e-18  -0.001    1.17
P01289 -19.029  -0.648 1.52e-15 8.95e-16 3.98e-16   0.001    1.93
P01628 -19.081  -0.775 3.56e-17 2.62e-17 1.54e-17   0.001    0.23
P03165 -19.180  -0.756 2.76e-17 1.93e-17 1.20e-17   0.001    0.12
P04448 -19.134  -0.675 2.54e-17 1.88e-17 1.24e-17   0.002    8.13
P00235 -19.203  -0.720 2.80e-14 1.42e-14 6.67e-15   0.001    0.93
P01319 -19.277  -0.567 1.48e-17 1.10e-17 7.97e-18   0.001   12.82
P03612 -19.120  -0.669 2.34e-17 1.54e-17 9.24e-18   0.000    0.62
P00841 -19.008  -0.618 1.03e-17 7.11e-18 5.18e-18   0.002    2.63
P02535 -19.141  -0.522 1.19e-15 4.44e-15 9.38e-15  -0.001   17.75
P00425 -19.111  -0.551 7.04e-16 3.92e-16 1.63e-16   0.000   -0.75
P05344 -19.176  -0.951 1.83e-16 1.08e-16 5.05e-17   0.000   -1.01
P01949 -19.151  -0.504 2.04e-17 1.58e-17 9.95e-18   0.000   -1.02
P01797 -18.999  -0.704 1.07e-15 5.06e-16 2.66e-16   0.000    7.08
P03942 -18.994  -0.607 9.40e-16 5.20e-16 2.11e-16   0.000  -23.64
P05581 -18.992  -0.566 3.59e-16 1.95e-16 9.48e-17  -0.000   24.59
P04715 -19.200  -0.684 3.06e-16 1.62e-16 9.04e-17   0.001  137.42
P01818 -18.995  -0.590 3.96e-14 3.18e-14 2.36e-14   0.002   -3.09
P03170 -19.043  -0.816 4.73e-17 3.19e-17 1.86e-17  -0.000   -0.99
P00925 -19.072  -0.384 1.03e-15 4.93e-16 2.10e-16   0.000   -1.39
P05085 -19.072  -0.695 1.44e-16 8.47e-17 4.34e-17  -0.001  -20.68
P03086 -19.096  -0.669 2.93e-16 1.67e-16 8.07e-17   0.002   -4.13
P03021 -19.051  -0.707 2.68e-16 1.48e-16 7.22e-17   0.001   -4.01
P02254 -19.018  -0.533 1.79e-14 1.12e-14 4.82e-15   0.000   -4.76
P05834 -19.045  -0.665 1.96e-14 1.16e-14 5.34e-15   0.001   -2.68
P06224 -18.967  -0.725 2.40e-14 1.29e-14 6.93e-15  -0.000   -1.68
P04509 -19.041  -0.721 4.66e-14 3.65e-14 2.14e-14   0.001   -4.53
P02172 -18.946  -0.533 4.24e-17 2.53e-17 1.56e-17   0.001   -5.78
P01158 -18.952  -0.809 2.63e-17 2.03e-17 1.27e-17   0.000   -9.75
P00483 -18.954  -0.809 2.01e-14 1.01e-14 4.09e-15   0.002  -10.42
P03518 -18.870  -0.445 3.47e-16 2.26e-16 1.01e-16  -0.001   -1.87
P00132 -18.997  -0.554 3.89e-17 2.50e-17 1.43e-17  -0.001   -8.73
P05019 -18.852  -0.297 5.61e-16 2.79e-16 1.70e-16   0.003   -1.85
P06073 -18.978  -0.625 4.45e-14 2.76e-14 1.90e-14   0.001   -5.77
P05004 -19.021  -0.150 4.05e-17 3.06e-17 1.84e-17   0.000   -1.49
P02386 -18.960  -0.658 3.10e-17 2.33e-17 1.38e-17   0.001   -7.91
P05589 -18.923  -0.626 4.58e-17 3.07e-17 2.03e-17   0.003   -6.77
P02598 -18.895  -0.623 3.83e-14 2.17e-14 1.14e-14   0.001   -6.32
P04281 -18.905  -0.473 1.53e-16 8.92e-17 4.19e-17   0.000   -3.62
P02762 -18.836  -0.877 1.81e-17 1.57e-17 8.81e-18   0.001   -2.60
P03559 -18.817  -0.669 1.41e-16 8.10e-17 4.39e-17  -0.000   -3.25
P04423 -18.989  -1.630 2.87e-16 1.87e-16 9.16e-17   0.002   -1.35
P02466 -18.865  -0.753 1.30e-17 9.21e-18 6.43e-18  -0.001   -4.22
P03524 -18.709  -1.132 3.78e-14 2.91e-14 2.27e-14  -0.001   -1.60
P03360 -18.686  -0.549 2.67e-17 1.97e-17 1.33e-17   0.000   -5.68
P06198 -18.690  -1.057 1.63e-17 1.31e-17 7.34e-18   0.003   -1.71
P04241 -18.710  -0.540 1.75e-17 1.35e-17 9.82e-18   0.002   -5.25
P01692 -18.612  -0.341 9.41e-17 5.55e-17 2.86e-17  -0.001   -4.14
P04903 -18.627  -0.654 4.01e-14 3.43e-14 2.53e-14   0.000   -4.93
P04635 -18.601  -0.593 1.14e-16 6.15e-17 3.13e-17  -0.001   -4.83
P01186 -18.580  -0.731 3.28e-14 3.35e-14 2.60e-14   0.001   -4.02
P04266 -18.563  -0.642 2.23e-15 1.11e-15 4.69e-16  -0.001   -2.91
P01612 -18.508  -0.300 3.42e-16 1.71e-15 5.50e-15   0.001   -3.33
P01045 -18.502  -0.283 3.41e-14 2.40e-14 1.21e-14   0.001   -4.14
P00549 -18.494  -1.581 1.11e-16 5.68e-17 3.60e-17   0.002   -1.60
P04596 -18.390  -0.601 6.80e-16 3.13e-16 1.53e-16   0.001   -4.53
P02913 -18.194  -0.325 5.23e-16 2.93e-16 1.45e-16  -0.001   -3.33
P04778 -18.181  -0.609 5.17e-16 2.64e-16 1.38e-16   0.001   -3.52
P00639 -17.997  -0.602 8.98e-15 1.52e-14 2.42e-14   0.001   -3.72
P02873 -18.112  -0.626 1.58e-17 1.36e-17 8.01e-18   0.000   -3.77
P06176 -18.004  -0.619 2.32e-17 1.57e-17 9.89e-18   0.003   -3.69
P01008 -17.910  -0.685 1.81e-15 9.50e-16 3.84e-16  -0.000   -3.31
P05996 -17.990  -0.762 5.08e-16 2.65e-16 1.44e-16   0.001   -2.80
P01134 -17.909  -0.278 1.29e-16 8.22e-17 4.40e-17   0.001   -3.31
P00521 -18.038  -0.460 1.81e-14 1.17e-14 5.00e-15   0.001   -3.79
P04515 -17.645  -0.210 2.27e-17 1.58e-17 1.01e-17   0.002   -3.33
P01189 -17.648  -0.709 1.52e-14 8.49e-15 4.06e-15  -0.001   -3.26
P05236 -17.512  -0.222 2.53e-14 1.51e-14 5.83e-15   0.003   -3.36
P03708 -17.268  -0.902 1.26e-15 6.27e-16 2.77e-16   0.002   -2.92
P05067 -17.262  -0.255 3.94e-14 3.87e-14 2.58e-14   0.000   -3.39
P04971 -17.213  -0.373 1.66e-16 9.32e-17 4.85e-17  -0.000   -3.42
P00136 -17.113  -0.360 1.44e-16 9.13e-17 4.46e-17   0.001   -3.46
P04072 -16.928  -1.029 3.01e-14 1.53e-14 7.07e-15  -0.000   -2.55
P04312 -16.593  -0.387 1.49e-14 8.76e-15 3.90e-15  -0.000   -3.25
