name x y flux1 flux2 flux3 par rv
P00924   4.650  -0.091 1.01e-14 9.44e-15 6.80e-15   0.015   -6.51
P04718   7.976  -6.277 1.12e-13 9.48e-14 5.91e-14   0.059   -8.17
P04134   8.091  -0.550 1.50e-16 1.10e-16 5.78e-17   0.003   -5.28
P03813   8.323  -0.395 3.11e-15 1.60e-15 8.89e-16  -0.000   -5.14
P04602   8.379  -5.296 1.62e-09 1.05e-09 7.15e-10   0.077   -7.99
P02063   8.673  -0.360 1.65e-15 8.07e-16 3.85e-16   0.001   -5.27
P01504   9.129  -0.140 1.05e-17 1.10e-17 7.61e-18   0.002   -8.06
P01484   9.209  -0.154 6.94e-15 3.40e-15 1.67e-15   0.001   -8.54
P05966   9.377  -0.017 2.18e-15 1.18e-15 5.57e-16   0.001   -8.79
P04878   9.474  -0.033 3.74e-16 2.59e-16 1.43e-16   0.000  -11.17
P04674   9.701  -0.195 2.13e-15 1.41e-15 5.30e-16  -0.001  -10.68
P03288   9.622  -0.309 2.33e-15 1.39e-15 6.20e-16   0.001  -11.16
P02776   9.635  -0.580 2.05e-13 1.84e-13 1.34e-13   0.001   -9.67
P03214   9.666  -0.143 2.88e-17 3.15e-17 1.90e-17  -0.000   -4.84
P04654   9.714  -0.172 1.25e-13 6.73e-14 2.86e-14  -0.001  -11.57
P05606   9.877  -0.415 1.25e-13 6.80e-14 3.66e-14   0.001  -11.12
P03663   9.875  -0.402 1.10e-13 5.91e-14 3.26e-14   0.001   -6.40
P00314   9.789  -0.288 1.22e-15 8.05e-16 4.22e-16   0.000  -11.38
P05043   9.877  -0.071 8.06e-16 4.13e-16 2.35e-16  -0.000  -10.93
P02430   9.948  -0.231 4.61e-15 2.24e-15 1.09e-15   0.002   -6.41
P03089   9.847  -0.308 9.90e-14 4.48e-14 2.56e-14  -0.000  -10.71
P05345   9.913  -0.134 1.58e-15 8.65e-16 4.45e-16   0.002  -10.55
P00907   9.995  -0.112 1.05e-17 9.58e-18 7.25e-18   0.001   -8.96
P02001   9.930  -0.462 6.65e-17 5.21e-17 3.49e-17   0.000   -6.49
P00057  10.034  -0.098 1.20e-13 6.67e-14 3.06e-14   0.001   -9.58
P06041   9.992  -0.159 1.97e-13 1.35e-13 8.54e-14   0.002  -11.30
P04841  10.002  -1.742 2.80e-14 7.00e-14 9.61e-14   0.001   -8.91
P01689  10.145  -0.227 1.08e-16 8.41e-17 4.55e-17   0.002   -9.06
P05721  10.184  -0.078 5.04e-16 3.24e-16 1.91e-16  -0.000   -8.52
P03993  10.115  -0.160 2.48e-15 1.20e-14 3.44e-14   0.001   -9.19
P03761  10.297  -0.280 1.78e-13 1.37e-13 7.75e-14  -0.001   -9.11
P01943  10.284  -0.825 8.65e-14 4.55e-14 2.10e-14   0.002  -10.92
P03052  10.406  -0.367 1.06e-14 5.07e-15 2.37e-15   0.000   -8.87
P05475  10.505  -0.538 1.41e-16 8.67e-17 5.14e-17  -0.000   -9.74
P05579  10.365  -1.812 2.94e-17 2.43e-17 1.62e-17   0.001  -10.41
P05484  10.419  -0.431 7.77e-17 6.64e-17 3.93e-17   0.001   -9.20
P06148  10.553  -0.791 1.18e-17 1.28e-17 8.79e-18   0.002   -9.39
P05770  10.796  -1.345 8.41e-16 4.62e-16 2.52e-16   0.001  -10.59
P03666  11.098  -2.128 3.61e-17 3.53e-17 2.37e-17   0.000  -10.31
P05524  11.088  -0.565 3.09e-15 1.37e-15 5.53e-16   0.002   -7.73
P01315  11.325  -2.084 2.32e-13 1.69e-13 1.23e-13   0.001  -10.45
P02857  11.165  -2.259 1.15e-13 6.56e-14 2.97e-14  -0.000  -10.24
P01383  11.202  -0.213 3.06e-17 2.12e-17 1.81e-17   0.002   -7.76
P05342  11.449  -0.305 1.10e-13 5.36e-14 2.43e-14   0.000   -8.12
P06160  11.356  -2.079 2.97e-17 3.29e-17 1.93e-17   0.001  -10.67
P05673  11.595  -1.883 5.63e-17 5.00e-17 3.25e-17   0.000  -10.20
P02972  12.271  -4.744 6.86e-15 2.51e-14 5.20e-14   0.000  -10.31
P05899  12.965  -3.863 2.38e-17 2.05e-17 1.53e-17   0.001  -10.37
P02654  13.499  -5.724 9.23e-15 4.24e-15 1.78e-15   0.003  -10.84
P05269  13.933  -5.163 1.72e-15 9.71e-16 4.18e-16   0.001  -10.82
P03652  14.127  -3.975 1.99e-13 1.10e-13 4.51e-14   0.003   -9.17
P01972  14.665  -6.074 1.53e-13 9.18e-14 3.99e-14   0.002  -11.04
