name x y flux1 flux2 flux3 par rv
P00318   0.002  15.418 5.86e-14 2.73e-14 1.48e-14  -0.000   -4.71
P01170   0.017  23.462 3.51e-15 1.01e-14 1.99e-14  -0.001    1.96
P05385   0.035  16.518 7.96e-14 7.69e-14 5.47e-14  -0.000   -3.78
P04070   0.066  16.601 1.64e-17 1.23e-17 8.74e-18  -0.000   -4.24
P04591   0.032  20.454 3.41e-15 1.64e-15 7.18e-16   0.001   -2.74
P05720   0.006  20.048 3.12e-16 1.95e-16 1.09e-16  -0.000   -3.87
P02075   0.121  19.745 1.45e-15 7.45e-16 3.90e-16   0.000   -4.78
P02608   0.120  23.285 1.66e-15 9.49e-16 4.08e-16  -0.001    2.47
P04315   0.077  23.449 2.80e-16 1.65e-16 7.56e-17   0.001    2.55
P04911   0.006  17.837 1.09e-15 6.35e-16 2.81e-16  -0.000   -4.09
P00638   0.052  23.601 7.85e-17 5.17e-17 2.92e-17   0.001    0.71
P03582   0.116  23.115 2.05e-17 1.63e-17 1.10e-17   0.001    2.30
P02319   0.049  19.703 1.14e-16 8.70e-17 4.41e-17   0.002   -4.61
P02637   0.144  16.271 3.00e-16 2.04e-16 9.94e-17   0.001   -3.79
P05310   0.316  23.148 1.75e-15 8.95e-16 3.59e-16  -0.000    2.71
P04046   0.251  19.138 3.48e-16 2.23e-16 1.07e-16  -0.000   -2.27
P01523   0.140  15.552 2.88e-16 1.77e-16 8.50e-17   0.001   -4.84
P02786   0.103  16.617 2.00e-17 1.70e-17 1.14e-17   0.001   -4.11
P00205   0.119  23.384 6.14e-14 3.64e-14 2.18e-14  -0.000    1.87
P05828   0.163  23.112 6.72e-14 5.16e-14 3.37e-14   0.001    2.39
P03744   0.175  20.682 1.02e-13 9.57e-14 7.16e-14   0.002   -2.81
P01771   0.162  20.029 2.41e-16 1.33e-16 7.21e-17  -0.000   -4.64
P00028   0.225  23.263 1.82e-15 8.46e-16 4.29e-16   0.001    1.74
P00592   0.362  22.987 6.12e-14 4.02e-14 1.90e-14   0.000    1.43
P05665   0.128  22.786 2.13e-15 1.18e-15 4.70e-16  -0.000    3.04
P04207   0.237  23.139 1.96e-15 1.00e-15 4.47e-16  -0.000    2.19
P00114   0.264  23.431 4.99e-17 3.81e-17 2.30e-17   0.000    2.20
P02513   0.238  16.775 1.74e-16 1.03e-16 6.01e-17   0.002   -4.34
P01600   0.451  23.131 1.12e-15 4.93e-16 2.69e-16  -0.001    3.35
P03849   0.206  22.538 1.51e-17 1.07e-17 7.21e-18   0.002   -0.93
P00289   0.319  17.632 2.48e-17 1.92e-17 1.37e-17   0.001   -3.25
P01660   0.294  23.273 3.25e-14 1.68e-14 8.02e-15  -0.000    1.36
P04537   0.434  17.466 1.14e-17 1.01e-17 7.38e-18  -0.001   -4.24
P05256   0.461  19.185 6.98e-17 4.76e-17 2.84e-17   0.000   -2.60
P05454   0.502  20.118 8.92e-14 5.29e-14 3.03e-14   0.002   -4.54
P01988   0.484  19.885 1.36e-14 2.88e-14 4.31e-14  -0.002   -4.08
P01730   0.561  19.418 1.03e-17 9.86e-18 7.18e-18  -0.001   -1.74
P02310   0.591  15.934 3.80e-15 1.79e-15 8.62e-16  -0.001   -4.33
P04770   0.378  22.952 1.72e-15 8.73e-16 3.93e-16   0.000    4.71
P06051   0.431  22.941 6.50e-14 3.66e-14 2.20e-14  -0.002    4.44
P05095   0.438  19.291 7.74e-14 6.93e-14 6.06e-14  -0.000   -2.56
P04891   0.504  17.331 5.07e-17 4.28e-17 2.36e-17  -0.002   -4.36
P01837   0.560  22.956 9.27e-17 5.85e-17 3.67e-17  -0.000    1.86
P04216   0.576  22.744 6.76e-16 3.77e-16 1.90e-16  -0.000   -0.91
P02990   0.594  22.922 5.99e-14 3.88e-14 2.19e-14  -0.000    5.27
P04944   0.625  23.019 3.84e-14 2.13e-14 1.04e-14   0.001    5.07
P01774   0.538  22.587 6.96e-14 4.96e-14 3.34e-14   0.002   -0.98
P00242   0.528  23.033 7.79e-17 5.32e-17 3.35e-17   0.000    1.55
P05628   0.631  15.608 9.51e-14 6.68e-14 3.36e-14   0.001   -4.63
P05875   0.564  22.951 9.19e-17 6.20e-17 3.48e-17  -0.001    3.15
P05001   0.534  23.467 2.36e-15 1.31e-15 5.52e-16   0.001   -0.26
P02539   0.739  23.028 3.43e-14 1.88e-14 9.13e-15   0.002    3.55
P02689   0.580  17.577 5.49e-17 4.51e-17 2.42e-17   0.000   -2.75
P00270   0.626  20.528 6.53e-16 4.07e-16 1.93e-16   0.003   -3.39
P05431   0.649  23.019 1.63e-15 9.32e-16 4.21e-16  -0.002    1.46
P04052   0.590  23.072 6.02e-16 3.46e-16 1.64e-16   0.000    5.52
P04765   0.597  22.857 1.27e-14 2.41e-14 3.38e-14  -0.000    3.57
P06136   0.635  15.340 9.29e-15 2.28e-14 3.62e-14  -0.001   -3.93
P01676   0.683  22.719 8.53e-17 5.93e-17 3.27e-17   0.002   -0.00
P03415   0.676  22.842 2.27e-16 1.49e-15 5.77e-15  -0.000    6.05
P00068   0.676  23.044 4.10e-14 2.46e-14 1.25e-14   0.000    2.62
P03589   0.842  23.098 1.07e-16 7.00e-17 3.55e-17   0.000    3.48
P04320   0.760  15.549 8.47e-16 4.16e-15 1.45e-14  -0.001   -4.51
P04738   0.813  22.991 1.68e-17 1.34e-17 9.07e-18  -0.000    1.10
P00824   0.754  18.670 1.16e-16 7.21e-17 4.56e-17   0.002   -3.04
P04361   0.747  22.899 3.70e-17 2.48e-17 1.59e-17   0.001    9.94
P04427   0.716  22.838 8.68e-16 4.60e-16 2.18e-16   0.002   -1.06
P06128   0.823  22.739 1.91e-16 1.13e-16 6.60e-17   0.000   -1.34
P04000   0.612  22.941 2.34e-15 1.23e-15 5.74e-16   0.003    7.13
P03256   0.687  20.334 9.93e-16 5.70e-16 2.76e-16   0.001   -4.20
P04101   0.666  17.642 2.64e-17 1.94e-17 1.26e-17   0.002   -3.99
P03760   0.666  22.814 2.47e-14 1.35e-14 5.80e-15  -0.000  -94.46
P01065   0.788  22.975 2.47e-16 1.55e-16 8.14e-17   0.001    9.20
P01599   0.743  21.893 4.49e-17 3.41e-17 2.26e-17  -0.001   -2.03
P00305   0.855  22.805 1.55e-16 8.86e-17 5.11e-17  -0.000    1.12
P02920   0.781  17.488 6.25e-17 4.60e-17 2.63e-17  -0.000   -2.78
P01874   0.837  22.784 8.38e-17 6.34e-17 3.27e-17   0.003   -1.11
P01872   0.775  22.892 6.55e-17 4.47e-17 2.33e-17   0.002    3.68
P05175   0.682  22.500 4.05e-16 2.39e-16 1.10e-16   0.003   -1.51
P02642   0.761  22.782 6.18e-17 5.01e-17 2.55e-17   0.000   -1.80
P06032   0.848  23.130 5.93e-16 3.28e-16 1.57e-16   0.002    0.50
P01601   0.645  22.951 3.53e-14 4.17e-14 4.23e-14   0.002    1.72
P05763   0.799  22.487 6.48e-17 4.87e-17 2.87e-17   0.001   -1.64
P05203   0.875  19.294 9.02e-14 5.70e-14 3.06e-14   0.001   -2.55
P03963   0.796  19.390 4.50e-14 2.22e-14 1.02e-14  -0.000   -2.89
P04836   0.844  22.805 9.52e-17 6.27e-17 3.20e-17  -0.002  145.81
P03929   0.799  22.847 4.57e-17 3.12e-17 1.71e-17  -0.000   -1.82
P01702   0.810  22.825 2.56e-15 1.38e-15 6.18e-16  -0.002   -3.22
P05850   0.803  15.177 8.14e-16 4.18e-16 2.19e-16   0.003   -3.95
P01740   0.652  22.721 1.15e-16 7.66e-17 4.18e-17   0.002   -2.03
P04068   0.657  22.738 5.81e-14 3.65e-14 2.15e-14   0.001   -5.83
P06092   0.955  22.735 1.16e-15 5.96e-16 2.73e-16   0.002  -14.66
P04824   0.924  22.881 1.34e-17 9.60e-18 7.22e-18   0.001  -12.31
P02520   0.878  20.221 5.96e-17 4.23e-17 2.56e-17   0.000   -4.25
P02633   0.862  22.992 3.65e-17 2.55e-17 1.67e-17   0.001   -1.13
P03057   0.772  17.187 1.24e-16 8.59e-17 5.21e-17   0.001   -4.37
P02275   0.944  22.846 4.72e-16 2.56e-16 1.34e-16  -0.001  -45.70
P02251   0.992  22.979 6.27e-14 4.12e-14 2.23e-14   0.001   -7.63
P00749   0.874  23.315 5.04e-17 3.68e-17 2.26e-17   0.002    7.91
P04574   0.807  22.978 3.43e-14 4.52e-14 4.38e-14   0.000   -2.15
P01286   0.839  22.759 1.39e-17 1.21e-17 7.40e-18   0.001   -9.21
P06161   0.751  23.023 1.80e-16 1.03e-16 5.28e-17   0.002   -1.10
P04336   0.892  22.725 2.71e-14 1.33e-14 6.36e-15   0.001   -2.22
P01541   0.859  22.639 5.98e-16 3.00e-16 1.43e-16  -0.000   -7.92
P00258   0.829  20.447 1.16e-16 7.38e-17 4.62e-17   0.000   -4.12
P04077   0.843  22.939 5.70e-17 4.29e-17 2.29e-17   0.000   -1.26
P02412   0.985  22.673 3.62e-16 2.10e-16 1.11e-16   0.002   -2.26
P06147   0.946  22.842 1.07e-17 9.57e-18 6.36e-18   0.002   -8.70
P01634   0.840  22.839 1.69e-15 9.67e-16 4.40e-16   0.000  -11.05
P03042   0.979  23.003 4.41e-17 2.99e-17 1.92e-17   0.000   -1.15
P04037   0.867  20.234 9.86e-14 5.61e-14 2.82e-14  -0.000   -4.23
P01559   0.841  22.875 2.08e-16 1.31e-16 6.50e-17   0.001   -3.55
P00069   0.788  22.843 8.59e-15 1.81e-14 2.82e-14   0.002   -5.01
P00644   0.978  22.765 7.70e-16 4.44e-16 1.85e-16  -0.001   -3.27
P03022   0.967  22.907 4.83e-14 5.43e-14 4.30e-14   0.001   -6.00
P02613   1.017  22.769 5.86e-16 3.11e-16 1.60e-16   0.000   -4.09
P05259   0.982  20.921 1.11e-17 9.54e-18 7.20e-18  -0.000   -3.34
P00190   0.977  22.601 4.29e-17 3.43e-17 1.81e-17   0.001   -2.91
P04862   1.063  20.919 7.74e-17 5.19e-17 2.98e-17   0.001   -3.44
P05585   0.850  22.461 3.27e-14 4.13e-14 4.00e-14   0.000   -1.94
P03677   0.969  22.826 2.91e-15 1.30e-15 6.43e-16   0.001   -4.55
P02146   1.051  23.231 1.35e-15 7.62e-16 3.34e-16   0.001   -1.14
P00324   0.945  22.733 8.51e-17 5.82e-17 3.03e-17  -0.002   -8.55
P01195   0.998  23.004 6.60e-14 5.18e-14 3.24e-14  -0.000   -1.63
P03388   1.037  22.804 6.20e-16 3.73e-16 1.80e-16  -0.000   -6.01
P02908   1.142  22.964 3.80e-15 1.84e-15 8.02e-16   0.001   -1.88
P03112   0.990  22.915 1.82e-17 1.54e-17 8.80e-18   0.000   -2.46
P05401   1.014  20.099 7.84e-17 5.12e-17 2.79e-17   0.000   -3.50
P03096   1.135  19.759 6.72e-16 3.77e-16 2.00e-16   0.001   -3.34
P04881   1.134  22.511 2.85e-15 1.42e-15 6.80e-16   0.000   -2.43
P03940   1.148  22.761 3.51e-14 1.92e-14 8.62e-15  -0.000   -6.64
P04829   1.052  22.597 3.36e-14 1.55e-14 7.99e-15   0.001   -3.84
P06065   1.026  22.980 2.59e-14 1.41e-14 6.24e-15  -0.000   -1.73
P04700   1.083  22.698 4.75e-17 3.46e-17 1.77e-17   0.002   -6.10
P03794   0.996  22.755 3.59e-14 1.69e-14 8.70e-15  -0.001   -6.83
P00511   1.016  22.817 8.05e-17 5.14e-17 3.24e-17   0.000   -4.64
P01466   1.123  20.258 6.37e-14 2.89e-14 1.60e-14  -0.000   -3.88
P01132   1.239  22.609 8.75e-16 4.27e-16 2.17e-16   0.000   -5.17
P06116   1.200  22.713 5.48e-17 4.00e-17 2.25e-17   0.002   -5.86
P05311   1.121  23.114 7.20e-16 3.56e-16 1.60e-16   0.001   -2.37
P03838   1.052  21.947 4.80e-17 3.26e-17 1.96e-17  -0.000   -1.98
P02741   1.258  22.684 2.40e-15 1.35e-15 5.94e-16   0.000   -6.47
P03920   1.151  22.654 2.25e-17 1.88e-17 1.23e-17  -0.001   -5.13
P03658   1.297  22.719 5.09e-14 2.98e-14 1.53e-14   0.000   -2.56
P03292   1.178  22.587 7.77e-16 3.94e-16 1.89e-16   0.000   -5.83
P01831   1.102  18.236 1.30e-17 1.11e-17 7.80e-18   0.001   -3.57
P03281   1.252  22.647 6.63e-14 5.06e-14 3.15e-14   0.002   -5.40
P04651   1.272  21.965 2.86e-17 2.38e-17 1.39e-17   0.001   -2.25
P03053   1.316  22.374 1.49e-14 2.88e-14 3.51e-14   0.001   -3.01
P01401   1.267  15.535 1.18e-15 5.59e-16 2.95e-16   0.001   -4.44
P02663   1.302  22.805 1.70e-17 1.35e-17 8.37e-18   0.000   -2.51
P05278   1.339  22.364 4.69e-14 4.97e-14 4.15e-14  -0.000   -3.83
P00667   1.445  22.406 1.11e-16 7.45e-17 4.07e-17   0.001   -4.48
P02279   1.364  23.558 7.24e-14 6.36e-14 3.51e-14   0.001   -1.20
P01468   1.369  22.663 2.86e-17 2.05e-17 1.43e-17  -0.001   -5.28
P00298   1.376  22.683 3.48e-14 1.97e-14 1.02e-14   0.001   -4.79
P02673   1.397  17.705 7.85e-16 4.68e-16 2.16e-16   0.001   -3.47
P00310   1.396  20.613 3.40e-15 1.75e-15 9.13e-16   0.001   -3.93
P05516   1.630  18.344 3.32e-15 1.72e-15 7.82e-16   0.000   -3.51
P03810   1.475  16.704 8.29e-14 7.72e-14 5.48e-14   0.000   -4.28
P03220   1.451  22.368 3.79e-16 2.20e-16 1.15e-16   0.000   -3.56
P04851   1.539  21.906 8.08e-16 4.39e-16 1.99e-16   0.001   -4.54
P04259   1.451  22.793 5.02e-14 2.77e-14 1.42e-14  -0.000   -2.14
P02301   1.674  16.510 2.48e-15 1.27e-15 5.80e-16   0.002   -3.88
P04346   1.536  22.250 4.08e-14 1.95e-14 9.69e-15   0.000   -4.42
P05657   1.694  20.730 4.25e-16 2.43e-16 1.34e-16   0.000   -3.94
P03355   1.635  22.753 1.05e-17 9.29e-18 6.07e-18  -0.000   -2.39
P02565   1.595  22.478 3.80e-15 1.91e-15 8.77e-16   0.000   -4.76
P00433   1.555  16.112 3.38e-14 1.85e-14 7.48e-15  -0.000   -4.15
P05938   1.683  22.224 1.01e-16 8.16e-16 3.89e-15   0.002   -3.38
P02387   1.745  23.618 2.67e-15 1.27e-15 6.08e-16   0.000   -1.36
P00550   1.730  22.643 1.12e-16 7.08e-17 3.79e-17   0.001   -3.62
P02361   1.835  22.345 1.22e-17 9.88e-18 6.52e-18   0.002   -4.48
P01494   1.889  22.548 3.70e-15 1.87e-15 8.03e-16  -0.000   -4.53
P05464   1.929  20.787 1.07e-16 7.64e-17 4.34e-17   0.001   -3.77
P02814   1.860  22.465 5.90e-14 3.04e-14 1.65e-14   0.001   -4.13
P01905   1.888  22.204 6.06e-14 5.66e-14 3.68e-14   0.002   -4.24
P05877   2.059  22.787 6.01e-14 3.85e-14 1.92e-14   0.000   -2.29
P01993   2.083  20.312 6.47e-14 7.05e-14 6.06e-14  -0.000   -3.19
P01414   2.129  17.951 8.70e-14 5.37e-14 2.94e-14  -0.001   -3.93
P04968   2.087  21.766 5.04e-14 3.03e-14 1.50e-14   0.002   -3.12
P02468   2.178  22.511 1.74e-17 1.39e-17 8.68e-18  -0.001   -3.53
P03845   2.072  21.965 1.20e-16 7.20e-17 4.10e-17   0.001   -4.14
P04557   2.139  22.456 1.28e-17 1.10e-17 7.25e-18  -0.001   -4.06
P00871   2.209  22.413 6.02e-14 3.55e-14 1.93e-14  -0.000   -3.71
P01081   2.217  22.401 1.55e-16 1.06e-16 5.75e-17   0.002   -3.31
P03828   2.320  21.795 1.46e-17 1.27e-17 7.79e-18   0.000   -3.64
P01255   2.361  22.447 7.48e-17 5.92e-17 2.82e-17  -0.000   -3.27
P04792   2.414  21.732 1.75e-16 1.19e-16 6.42e-17  -0.000   -3.57
P03863   2.560  20.106 1.88e-15 1.03e-15 5.02e-16   0.001   -2.98
P05969   2.529  16.926 2.28e-16 1.41e-16 7.00e-17  -0.000   -4.29
P04507   2.735  20.646 5.35e-15 1.49e-14 3.08e-14   0.002   -3.40
P00682   2.798  15.346 1.27e-17 1.15e-17 9.71e-18   0.000   -3.21
P01929   3.071  21.438 5.19e-14 2.83e-14 1.59e-14  -0.001   -3.85
P03852   3.805  17.522 5.50e-16 3.02e-16 1.65e-16   0.001   -4.20
P04122   3.951  15.952 2.53e-16 1.55e-16 9.43e-17   0.000   -4.56
P00807   5.762  22.792 1.06e-15 6.63e-16 2.86e-16   0.002   -2.79
P02559   6.992  15.207 1.79e-15 8.51e-16 3.96e-16   0.001   -5.06
P04129   7.748  28.669 1.38e-16 9.41e-17 5.39e-17   0.000   -0.97
P01309  10.180  21.604 1.69e-16 1.12e-16 6.45e-17   0.001   -4.04
P05766  11.694  18.541 6.83e-11 3.71e-11 1.77e-11   0.134   -4.04
P02678  12.726  25.871 1.33e-16 8.36e-17 4.14e-17  -0.000   -1.72
