x y flux0 flux1 flux2 width rv
-29.655   7.553 1.49e-16 8.14e-17 5.83e-17 24.44 -845.88
-29.247   7.130 1.64e-16 1.18e-16 8.99e-17 24.92 -845.57
-29.217   7.271 1.91e-16 1.11e-16 9.16e-17 48.70 -845.67
-29.214   7.291 1.00e-16 7.90e-17 5.66e-17 54.22 -845.47
-29.207   7.304 1.27e-16 8.47e-17 6.14e-17 35.56 -845.71
-29.202   7.309 1.22e-16 8.19e-17 5.75e-17 35.83 -845.78
-29.197   7.225 9.09e-17 7.29e-17 4.46e-17 37.55 -845.68
-29.190   7.264 1.48e-16 1.04e-16 6.22e-17 34.63 -845.59
-29.185   7.309 1.58e-16 1.27e-16 9.88e-17 44.61 -845.64
-29.178   7.379 1.19e-16 8.64e-17 6.20e-17 43.40 -845.89
-29.175   7.047 1.02e-16 7.01e-17 5.68e-17 33.40 -845.67
-29.172   7.259 1.50e-16 9.52e-17 5.81e-17 24.13 -845.44
-29.171   7.208 1.22e-16 1.09e-16 7.04e-17 44.57 -845.41
-29.171   7.271 1.55e-16 9.77e-17 7.19e-17 34.44 -845.56
-29.150   7.304 1.35e-16 9.25e-17 5.67e-17 43.71 -845.59
-29.145   7.348 1.29e-16 9.13e-17 6.39e-17 26.28 -845.70
-29.140   7.178 9.50e-17 9.35e-17 5.21e-17 33.73 -845.63
-29.140   7.311 1.60e-16 1.07e-16 5.65e-17 46.64 -845.72
-29.138   7.162 1.34e-16 9.19e-17 4.83e-17 30.98 -845.61
-29.121   7.111 1.56e-16 9.65e-17 5.42e-17 39.29 -845.65
-29.119   7.474 1.20e-16 8.96e-17 5.04e-17 38.30 -845.59
-28.948   7.111 1.17e-16 6.50e-17 5.84e-17 43.14 -845.53
