x y flux0 flux1 flux2 width rv
-10.207  25.119 1.21e-16 8.00e-17 6.81e-17 54.64 -779.02
 -9.446  26.362 1.52e-16 1.12e-16 7.00e-17 56.53 -778.88
 -9.436  26.492 1.32e-16 1.07e-16 6.87e-17 63.24 -778.98
 -9.150  26.797 2.09e-16 1.40e-16 8.36e-17 65.13 -779.01
 -9.132  26.586 1.37e-16 9.26e-17 6.80e-17 42.52 -779.05
 -9.081  26.451 1.52e-16 1.21e-16 8.24e-17 39.38 -779.11
 -9.062  26.637 1.87e-16 1.34e-16 9.33e-17 52.86 -778.96
 -9.046  26.586 2.05e-16 1.38e-16 9.38e-17 44.29 -779.12
 -9.038  26.829 1.30e-16 9.74e-17 7.89e-17 54.58 -778.76
 -9.024  26.463 1.17e-16 8.71e-17 5.90e-17 53.41 -778.95
 -9.023  26.485 1.26e-16 9.09e-17 6.12e-17 31.79 -779.00
 -9.019  26.464 1.02e-16 8.21e-17 6.40e-17 40.77 -778.99
 -9.009  26.736 1.93e-16 1.27e-16 8.25e-17 25.95 -778.99
 -8.974  26.375 1.56e-16 1.20e-16 6.91e-17 45.21 -779.05
 -8.945  26.430 1.81e-16 1.23e-16 6.60e-17 39.05 -778.90
 -8.904  26.492 1.49e-16 1.18e-16 6.91e-17 23.36 -778.78
 -8.895  26.570 1.50e-16 1.42e-16 7.65e-17 38.64 -778.90
 -8.868  26.420 1.38e-16 8.94e-17 6.70e-17 30.94 -778.94
 -8.860  26.489 1.96e-16 1.54e-16 9.11e-17 64.01 -778.97
 -8.717  26.152 1.54e-16 1.02e-16 7.69e-17 40.37 -778.96
 -8.043  26.046 2.29e-16 1.64e-16 8.71e-17 55.49 -779.23
 -7.896  25.504 1.94e-16 1.16e-16 7.99e-17 47.05 -779.03
