name x y flux1 flux2 flux3 par rv
P05242  23.216  21.047 1.93e-13 2.24e-13 1.60e-13   0.112   11.84
P02648  24.069  17.707 3.52e-14 3.56e-14 3.02e-14   0.052   11.83
P03427  25.011  26.176 1.55e-12 9.12e-13 5.40e-13   0.063   12.46
P00336  26.702  24.172 4.35e-14 3.01e-14 1.52e-14   0.000   13.58
P00000  26.895  24.103 4.16e-16 2.26e-16 1.19e-16   0.001   13.67
P00994  28.018  25.042 2.84e-14 1.51e-14 7.00e-15  -0.000   13.39
P00186  28.281  21.634 2.91e-14 1.66e-14 8.27e-15  -0.001   12.37
P02882  28.548  24.173 1.22e-15 6.37e-16 2.88e-16   0.001   13.70
P06171  29.048  23.480 3.92e-16 2.47e-16 1.10e-16   0.001   13.34
P00768  29.228  24.975 2.46e-16 1.48e-15 4.79e-15   0.001   13.30
P00423  29.155  24.669 3.79e-14 2.10e-14 1.12e-14   0.001   13.56
P00985  29.455  23.254 4.74e-17 3.13e-17 1.70e-17   0.002   12.98
P04438  29.544  22.741 3.38e-16 2.11e-16 8.88e-17  -0.001   12.52
P00445  29.644  23.965 3.14e-14 1.84e-14 9.18e-15   0.000   13.91
P04445  29.612  25.345 3.39e-16 1.93e-16 9.50e-17   0.000   12.92
P05712  29.763  24.217 5.21e-16 2.66e-16 1.38e-16  -0.000   13.98
P00176  29.789  24.902 2.25e-14 1.15e-14 5.66e-15  -0.002   13.42
P06220  29.798  23.961 3.44e-17 2.32e-17 1.50e-17   0.002   13.50
P02010  29.846  24.937 3.94e-17 2.69e-17 1.68e-17   0.001   13.36
P02813  29.891  24.126 1.79e-17 1.31e-17 8.55e-18  -0.001   14.00
P04796  29.987  24.985 1.90e-17 1.62e-17 9.90e-18  -0.001   13.31
P03547  29.937  24.235 3.75e-17 2.57e-17 1.68e-17  -0.000   14.12
