x y flux0 flux1 flux2 width rv
  6.550  36.211 3.24e-16 2.34e-16 1.67e-16 83.39 -392.91
  6.923  35.577 6.53e-16 4.21e-16 3.23e-16 63.37 -393.20
  7.294  35.905 7.30e-16 5.69e-16 3.71e-16 66.83 -392.92
  7.553  36.274 5.91e-16 4.93e-16 2.97e-16 59.29 -392.96
  7.623  35.845 5.57e-16 4.34e-16 3.03e-16 87.11 -393.23
  7.676  35.699 6.29e-16 4.48e-16 3.05e-16 90.76 -393.30
  7.712  35.356 6.95e-16 5.77e-16 3.64e-16 109.44 -393.28
  7.780  35.583 6.21e-16 5.17e-16 3.11e-16 109.00 -393.28
  7.815  35.654 6.32e-16 4.35e-16 2.62e-16 92.35 -393.22
  7.825  35.613 7.01e-16 4.76e-16 2.99e-16 95.31 -393.40
  7.851  35.811 5.66e-16 4.16e-16 2.45e-16 104.51 -393.12
  7.870  35.517 5.50e-16 4.18e-16 2.52e-16 115.17 -393.36
  7.872  35.536 7.13e-16 4.47e-16 3.41e-16 76.06 -393.39
  7.894  35.579 5.49e-16 4.25e-16 2.40e-16 102.18 -393.35
  7.896  35.565 4.55e-16 3.15e-16 2.13e-16 115.88 -393.52
  7.902  35.572 5.72e-16 4.58e-16 2.77e-16 77.97 -393.39
  7.903  35.610 4.93e-16 4.04e-16 2.66e-16 98.05 -393.44
  7.913  35.567 6.49e-16 4.94e-16 3.16e-16 79.32 -393.38
  7.921  35.641 7.41e-16 5.57e-16 3.31e-16 112.07 -393.28
  7.929  35.683 5.83e-16 3.65e-16 2.86e-16 76.99 -393.33
  7.932  35.360 6.80e-16 4.75e-16 3.32e-16 90.16 -393.31
  7.938  35.679 6.84e-16 4.50e-16 3.22e-16 97.42 -393.38
  7.957  35.501 6.67e-16 4.65e-16 3.23e-16 108.76 -393.45
  7.961  35.611 5.16e-16 4.68e-16 2.85e-16 81.37 -393.47
  7.987  35.964 5.52e-16 4.18e-16 2.70e-16 87.70 -393.26
  8.010  35.149 5.84e-16 5.04e-16 2.95e-16 89.97 -393.41
  8.034  35.691 5.05e-16 3.98e-16 2.74e-16 69.88 -393.16
  8.073  35.671 5.57e-16 4.18e-16 2.49e-16 73.29 -393.43
  8.270  35.571 5.47e-16 4.01e-16 2.71e-16 83.89 -393.42
  8.439  35.627 7.96e-16 5.40e-16 3.26e-16 66.66 -393.52
  8.455  35.676 6.37e-16 5.06e-16 3.52e-16 61.30 -393.49
  8.581  35.774 6.86e-16 4.67e-16 3.06e-16 56.53 -393.38
  8.836  35.607 4.45e-16 3.32e-16 2.41e-16 105.21 -393.53
 10.910  39.768 2.10e-16 1.42e-16 9.86e-17 44.30 -738.38
 11.315  39.560 1.59e-16 1.10e-16 7.28e-17 56.94 -738.59
 11.491  40.399 2.02e-16 1.41e-16 1.01e-16 64.70 -738.21
 11.525  39.852 1.64e-16 1.23e-16 8.45e-17 38.83 -738.37
 11.528  39.809 1.50e-16 9.88e-17 7.16e-17 47.24 -738.53
 11.636  39.543 2.14e-16 1.40e-16 1.03e-16 29.10 -738.64
 11.669  39.878 1.64e-16 1.08e-16 7.25e-17 72.88 -738.63
 11.729  39.537 1.73e-16 1.34e-16 8.17e-17 44.25 -738.67
 11.746  39.577 1.65e-16 1.28e-16 8.49e-17 49.45 -738.55
 11.756  39.302 1.89e-16 1.17e-16 8.69e-17 43.50 -738.43
 11.773  39.830 1.84e-16 1.51e-16 8.98e-17 46.16 -738.54
 11.788  39.928 1.82e-16 1.38e-16 8.05e-17 46.50 -738.61
 11.801  39.803 1.59e-16 1.31e-16 8.46e-17 48.32 -738.53
 11.804  39.860 1.39e-16 1.15e-16 7.17e-17 45.77 -738.77
 11.814  39.820 1.89e-16 1.32e-16 8.48e-17 48.66 -738.47
 11.821  39.865 1.33e-16 9.46e-17 6.16e-17 46.19 -738.50
 11.834  39.800 1.81e-16 1.16e-16 8.73e-17 53.98 -738.83
 11.888  39.763 2.12e-16 1.57e-16 8.61e-17 33.34 -738.66
 11.908  39.754 1.40e-16 1.03e-16 6.89e-17 38.51 -738.62
 11.910  39.732 1.54e-16 1.28e-16 8.21e-17 35.39 -738.50
 11.925  39.587 2.35e-16 1.64e-16 1.09e-16 43.67 -738.42
 11.982  40.103 2.12e-16 1.61e-16 1.13e-16 44.57 -738.58
 11.995  39.614 1.88e-16 1.36e-16 9.78e-17 30.44 -738.83
 12.043  39.883 1.49e-16 1.22e-16 7.31e-17 43.70 -738.54
 12.183  39.593 1.49e-16 1.02e-16 6.84e-17 35.10 -738.59
 13.429  38.425 1.22e-16 9.11e-17 5.72e-17 66.75 -738.82
 13.718  39.863 1.80e-16 1.31e-16 9.08e-17 43.80 -738.66
