name x y flux1 flux2 flux3 par rv
P00915   6.185  40.237 2.28e-15 1.14e-15 5.40e-16  -0.001    1.84
P01757   7.264  42.063 4.70e-17 3.33e-17 2.17e-17  -0.001    1.92
P01389   7.657  35.814 1.11e-15 6.04e-16 2.97e-16   0.002    0.95
P03114   8.653  32.300 3.80e-17 3.02e-17 1.80e-17   0.001   -0.11
P04146   9.135  41.307 4.87e-16 2.78e-16 1.45e-16   0.001    1.40
P01728   9.291  32.373 2.33e-17 1.88e-17 1.22e-17   0.001   -0.22
P03572  10.055  33.170 8.91e-14 6.59e-14 3.86e-14   0.000   -0.22
P02556  10.021  42.304 8.32e-14 8.24e-14 6.45e-14   0.001    1.36
P04227  10.157  36.418 1.22e-15 6.37e-16 3.49e-16   0.001    0.73
P02772  10.278  38.454 5.26e-17 3.80e-17 2.22e-17   0.002    0.79
P01229  10.315  38.240 1.04e-16 6.94e-17 3.71e-17   0.002    0.73
P00014  10.549  33.181 4.01e-17 3.29e-17 1.93e-17   0.001   -0.24
P05978  10.551  37.781 1.50e-16 9.57e-17 5.24e-17   0.001    0.66
P03734  10.864  37.630 4.99e-17 3.58e-17 2.28e-17   0.000    0.67
P00238  10.843  37.554 9.27e-17 6.99e-17 3.74e-17   0.003    0.62
P03649  11.185  35.665 1.79e-15 8.96e-16 4.45e-16  -0.001    0.60
P04095  11.115  35.588 5.13e-16 2.96e-16 1.51e-16   0.000    0.59
P05201  11.266  37.770 1.31e-17 1.13e-17 8.35e-18   0.002    0.52
P06234  11.367  37.009 4.74e-17 3.41e-17 2.04e-17   0.000    0.54
P02849  11.470  36.300 1.98e-17 1.52e-17 1.04e-17   0.001    0.69
P02088  11.596  33.851 8.51e-14 5.87e-14 3.23e-14   0.001   -0.22
P00938  11.687  36.723 3.28e-16 1.89e-16 9.80e-17   0.002    0.59
P05623  11.802  33.479 6.48e-16 3.78e-16 1.74e-16   0.002   -0.47
P04945  11.890  35.975 1.96e-17 1.67e-17 1.11e-17  -0.000    0.77
P06227  11.841  36.019 8.08e-16 4.54e-16 2.10e-16  -0.001    0.71
P05789  12.073  34.423 4.74e-15 2.35e-15 1.08e-15  -0.000   -0.16
P02686  11.997  36.208 1.99e-15 1.04e-15 5.01e-16   0.002    0.73
P01265  11.923  35.796 1.00e-15 5.63e-16 2.64e-16  -0.000    0.77
P06021  12.044  34.396 2.48e-17 1.93e-17 1.27e-17  -0.000   -0.18
P03147  12.119  35.165 7.43e-16 4.36e-16 2.09e-16   0.001    0.43
P02153  12.318  35.434 7.85e-14 5.12e-14 2.46e-14   0.001    0.64
P05331  12.226  35.546 1.07e-17 9.31e-18 6.63e-18   0.001    0.51
P01344  12.190  34.918 2.14e-17 1.69e-17 1.15e-17   0.001    0.10
P04460  12.382  34.974 1.70e-15 8.51e-16 3.97e-16   0.001    0.30
P02139  12.275  35.231 4.28e-14 5.84e-14 5.72e-14   0.001    0.53
P04630  12.379  33.529 1.69e-16 1.04e-16 5.93e-17   0.000   -0.66
P05638  12.312  36.770 8.16e-14 7.68e-14 5.80e-14   0.000    0.43
P01699  12.355  37.094 1.07e-17 9.64e-18 6.91e-18  -0.001    0.18
P03459  12.377  35.283 6.25e-17 4.54e-17 2.58e-17   0.000    0.42
P04594  12.496  32.277 4.55e-16 2.63e-16 1.31e-16  -0.000   -1.15
P05709  12.567  38.487 9.11e-16 4.86e-16 2.43e-16   0.002    0.11
P03124  12.590  37.438 1.46e-17 1.15e-17 8.35e-18   0.002    0.05
P04902  12.582  34.823 4.18e-16 2.29e-16 1.23e-16  -0.000    0.05
P01734  12.588  35.240 5.04e-17 3.72e-17 2.27e-17  -0.001    0.34
P03772  12.803  36.138 1.83e-16 1.10e-16 6.12e-17   0.002    1.00
P05283  12.592  35.856 1.75e-15 7.17e-15 1.81e-14   0.001    1.15
P03056  12.702  36.784 8.61e-16 4.40e-16 2.18e-16   0.002    0.25
P03740  12.823  35.621 7.49e-16 4.34e-16 2.08e-16   0.001    0.98
P05327  12.853  37.013 8.15e-17 5.40e-17 3.14e-17  -0.000    0.05
P03468  12.801  35.234 2.60e-17 2.14e-17 1.33e-17   0.000    0.21
P05078  12.830  36.774 3.14e-16 1.97e-16 9.72e-17   0.001    0.10
P05548  12.889  35.521 5.60e-15 2.83e-15 1.25e-15  -0.000    0.44
P04473  12.842  35.537 6.16e-14 3.32e-14 1.74e-14  -0.001    0.49
P05576  12.853  38.241 9.71e-14 7.16e-14 4.46e-14   0.000   -0.08
P05059  12.929  36.682 2.99e-15 1.51e-15 6.80e-16   0.002    0.21
P00929  12.804  35.619 2.22e-16 1.35e-16 7.03e-17   0.002    0.85
P04703  12.807  43.162 3.90e-16 2.37e-16 1.23e-16  -0.001    1.00
P02502  13.027  36.620 3.09e-15 1.57e-15 7.35e-16   0.000    0.07
P02594  12.886  36.178 8.08e-17 5.57e-17 3.19e-17   0.001    1.32
P01464  13.051  36.760 1.71e-15 9.59e-16 4.49e-16   0.002   -0.07
P04727  12.941  36.049 8.23e-14 7.65e-14 5.58e-14   0.001    1.55
P04132  12.954  36.991 2.86e-16 1.65e-16 8.80e-17   0.000   -0.21
P04955  13.125  36.014 1.82e-16 1.09e-16 6.19e-17   0.002    1.56
P04430  12.929  36.467 1.01e-15 5.84e-16 2.62e-16   0.002    0.54
P02871  13.046  36.052 9.69e-14 7.11e-14 4.38e-14   0.001    1.66
P05211  13.223  37.810 7.58e-17 5.32e-17 2.87e-17   0.001   -0.28
P04848  13.078  36.153 3.10e-15 1.59e-15 7.12e-16  -0.001    1.48
P00928  13.182  35.949 2.14e-15 1.12e-15 4.83e-16   0.001    1.98
P01864  13.034  35.907 4.51e-17 3.34e-17 2.06e-17  -0.001    1.65
P03922  13.233  36.428 8.13e-15 1.95e-14 3.52e-14   0.000   -0.05
P03739  13.409  36.311 9.44e-16 5.06e-16 2.41e-16   0.000    1.33
P04603  13.313  36.128 4.11e-15 2.03e-15 9.11e-16   0.001    1.53
P00170  13.320  36.403 4.16e-16 2.32e-16 1.29e-16   0.000    0.84
P03585  13.337  35.834 2.02e-15 1.03e-15 4.77e-16   0.000    1.57
P00288  13.279  36.729 5.68e-14 3.08e-14 1.44e-14   0.000   -0.58
P01817  13.427  34.618 3.08e-16 1.88e-16 1.00e-16  -0.000   -0.80
P02846  13.452  35.918 4.36e-17 3.28e-17 2.05e-17   0.000    0.89
P03762  13.449  36.002 4.20e-17 3.34e-17 2.02e-17   0.002    3.54
P00141  13.317  36.927 4.59e-14 2.19e-14 1.03e-14  -0.001   -0.66
P01330  13.462  36.255 2.83e-15 1.40e-15 6.82e-16   0.002    2.93
P04439  13.449  34.524 1.64e-16 1.00e-16 5.41e-17   0.000   -0.78
P00902  13.404  35.598 1.58e-15 7.97e-16 4.00e-16   0.001   -0.15
P05159  13.526  36.136 3.62e-17 2.94e-17 1.73e-17   0.000    6.13
P01896  13.595  36.028 1.09e-17 1.00e-17 6.84e-18   0.001    0.36
P01793  13.462  33.078 7.70e-14 4.52e-14 2.52e-14   0.000   -1.28
P03994  13.602  34.104 4.82e-16 2.93e-16 1.43e-16   0.000   -1.04
P00229  13.498  36.077 7.84e-16 4.69e-16 2.25e-16   0.001   -1.63
P05413  13.480  36.952 1.39e-16 9.19e-17 5.06e-17   0.001   -0.88
P05982  13.550  36.596 4.25e-15 2.16e-15 9.70e-16   0.000   -1.20
P00108  13.467  36.169 2.59e-14 4.19e-14 5.17e-14   0.002   -5.13
P05772  13.501  37.509 6.14e-14 3.16e-14 1.61e-14  -0.001   -0.67
P02018  13.462  35.747 3.30e-15 1.66e-15 7.44e-16   0.001   -0.40
P05424  13.405  36.123 9.48e-14 6.36e-14 3.74e-14   0.000  -12.10
P02238  13.425  36.155 2.83e-15 9.99e-15 2.19e-14   0.000   -2.72
P03203  13.626  36.301 2.74e-16 1.78e-16 9.69e-17   0.001   -1.81
P04221  13.460  36.234 7.46e-17 5.22e-17 3.29e-17   0.000   -7.74
P05737  13.508  36.203 1.28e-17 1.12e-17 7.48e-18   0.001   -5.40
P02094  13.618  36.020 7.83e-14 4.93e-14 2.50e-14   0.001   -0.98
P04682  13.578  36.386 7.93e-14 4.97e-14 2.45e-14  -0.000   -1.34
P01869  13.711  35.399 8.41e-17 5.38e-17 3.44e-17   0.001   -0.84
P00530  13.494  35.821 3.52e-15 1.75e-15 8.21e-16   0.002   -0.99
P00172  13.753  35.895 1.46e-16 9.56e-17 5.32e-17   0.000   -1.69
P00556  13.815  35.876 1.82e-16 1.11e-16 6.48e-17   0.001   -1.32
P00818  13.677  37.622 8.60e-14 5.61e-14 2.88e-14   0.001   -0.76
P06110  13.702  35.438 3.19e-16 1.91e-16 1.05e-16  -0.000   -0.94
P01226  13.621  36.003 3.27e-16 2.05e-16 1.08e-16   0.001   -2.51
P01515  13.882  36.536 4.71e-16 2.70e-16 1.38e-16   0.003   -1.70
P01140  13.699  36.192 3.14e-15 1.67e-15 7.33e-16   0.001   -2.95
P05745  13.745  36.944 2.95e-15 1.45e-15 6.62e-16   0.000   -1.18
P00955  13.764  36.104 5.96e-16 3.49e-16 1.73e-16   0.002   -3.31
P02832  13.818  36.566 6.93e-16 3.82e-16 2.00e-16   0.000   -1.99
P00061  13.699  36.324 7.61e-14 4.60e-14 2.45e-14   0.002   -2.69
P05182  13.925  36.464 5.07e-16 2.90e-15 1.06e-14   0.001   -2.23
P01417  13.926  37.084 9.05e-17 6.04e-17 3.63e-17   0.001   -1.27
P02066  13.863  37.540 9.21e-17 6.71e-17 3.73e-17  -0.002   -0.79
P01539  13.774  36.580 4.54e-15 2.25e-15 1.01e-15   0.002   -1.70
P01332  13.887  35.979 7.92e-14 4.75e-14 2.55e-14   0.000   -3.05
P02589  13.886  35.282 6.00e-14 3.21e-14 1.63e-14   0.002   -1.16
P02253  13.936  36.825 4.12e-16 2.56e-16 1.34e-16  -0.001   -1.54
P05430  13.871  35.923 7.72e-17 5.30e-17 3.04e-17  -0.001   -2.53
P04349  13.955  35.518 1.35e-16 8.67e-17 4.96e-17   0.001   -1.46
P04175  13.977  33.492 3.53e-14 1.90e-14 8.46e-15  -0.001   -1.43
P03694  13.920  37.623 1.20e-15 6.64e-16 3.18e-16   0.001   -1.04
P03371  14.055  36.245 1.70e-16 1.04e-16 5.87e-17   0.003   -3.11
P03182  13.934  36.467 8.81e-14 5.80e-14 3.27e-14  -0.000   -2.49
P04884  14.236  36.334 2.23e-16 1.38e-16 7.63e-17   0.002   -2.82
P05550  14.134  35.549 1.88e-15 1.05e-15 4.68e-16   0.001   -1.67
P05518  14.116  36.374 1.54e-17 1.33e-17 9.11e-18   0.001   -2.89
P03188  14.025  32.457 2.79e-15 1.53e-15 6.44e-16   0.000   -1.65
P02104  14.140  35.919 1.30e-15 6.97e-16 3.33e-16  -0.001   -2.59
P01313  14.127  37.991 1.63e-17 1.42e-17 9.60e-18   0.000   -0.89
P04581  14.029  34.394 9.74e-14 6.25e-14 3.60e-14   0.000   -1.29
P01154  14.164  34.714 2.47e-16 1.50e-16 8.14e-17   0.001   -1.36
P01202  14.223  35.477 1.55e-15 7.90e-16 3.77e-16  -0.001   -1.70
P00013  14.083  37.330 3.20e-16 1.75e-16 9.90e-17  -0.001   -1.18
P02028  14.215  36.994 8.92e-14 6.39e-14 3.68e-14   0.000   -1.61
P05275  14.244  33.785 6.23e-14 3.56e-14 1.75e-14   0.002   -1.43
P01075  14.058  36.284 2.49e-16 1.55e-16 8.05e-17   0.000   -2.68
P05561  14.183  35.155 1.40e-17 1.22e-17 8.45e-18  -0.001   -1.49
P05335  14.357  37.036 1.23e-15 7.10e-16 3.32e-16   0.002   -1.94
P02915  14.491  36.429 2.22e-16 1.46e-16 7.75e-17   0.000   -2.63
P04036  14.216  37.853 1.31e-17 1.12e-17 7.64e-18  -0.002   -0.96
P06033  14.330  35.682 9.19e-14 8.25e-14 5.12e-14  -0.000   -2.00
P02130  14.402  36.145 1.44e-15 7.67e-16 3.59e-16   0.002   -2.46
P00326  14.603  35.912 7.03e-14 7.44e-14 5.76e-14   0.000   -2.03
P01954  14.701  36.526 3.68e-17 2.87e-17 1.76e-17  -0.001   -2.33
P03491  14.731  36.625 6.15e-14 6.76e-14 6.01e-14   0.001   -2.25
P00204  14.798  34.964 3.53e-16 2.13e-16 1.12e-16   0.000   -1.70
P01919  14.785  34.250 4.93e-15 2.32e-15 1.05e-15   0.002   -1.71
P04339  14.767  36.586 4.07e-15 2.07e-15 8.80e-16   0.001   -2.26
P00104  14.812  39.946 5.22e-16 3.32e-16 1.59e-16   0.001   -0.44
P03786  14.897  33.131 7.40e-14 4.96e-14 2.55e-14   0.002   -1.77
P01020  14.844  37.154 2.46e-16 1.49e-16 8.08e-17   0.000   -1.84
P02870  14.936  35.303 1.59e-16 1.10e-16 6.04e-17   0.002   -2.02
P04580  14.934  30.646 2.28e-15 1.09e-15 5.20e-16   0.002   -2.30
