x y flux0 flux1 flux2 width rv
  5.392   7.340 8.40e-17 4.97e-17 3.61e-17 22.29 -1133.58
  5.426   7.400 6.85e-17 4.79e-17 2.81e-17 22.56 -1133.45
  5.435   7.443 8.06e-17 6.62e-17 3.93e-17 36.64 -1133.47
  5.461   7.684 9.86e-17 5.63e-17 3.54e-17 42.05 -1133.39
  5.567   7.276 5.86e-17 4.42e-17 3.70e-17 27.16 -1133.54
  5.578   7.603 7.56e-17 6.73e-17 5.47e-17 33.87 -1133.55
  5.589   7.476 9.41e-17 6.37e-17 4.87e-17 28.18 -1133.52
  5.626   7.404 8.12e-17 6.21e-17 3.53e-17 32.96 -1133.56
  5.626   7.449 6.98e-17 5.23e-17 3.85e-17 30.45 -1133.59
  5.638   7.445 7.08e-17 4.53e-17 2.35e-17 37.31 -1133.56
  5.642   7.433 6.02e-17 4.23e-17 2.60e-17 24.69 -1133.59
  5.655   7.432 8.52e-17 6.00e-17 3.75e-17 34.53 -1133.57
  5.670   7.386 8.09e-17 5.95e-17 2.80e-17 39.83 -1133.59
  5.688   7.490 6.79e-17 4.96e-17 2.64e-17 37.13 -1133.54
  5.763   7.354 7.21e-17 6.13e-17 3.09e-17 27.63 -1133.35
  5.786   7.325 9.56e-17 6.45e-17 5.09e-17 17.59 -1133.50
  5.944   7.578 1.13e-16 7.32e-17 4.37e-17 28.72 -1133.53
  7.009   0.987 3.96e-17 3.94e-17 2.85e-17 23.09 -1567.87
  7.032   0.976 3.88e-17 2.73e-17 2.09e-17 20.27 -1567.83
  7.097   0.910 3.21e-17 2.25e-17 1.68e-17 20.50 -1567.75
  7.122   0.946 4.17e-17 3.78e-17 2.19e-17 26.45 -1568.03
  7.123   0.973 3.95e-17 2.54e-17 1.83e-17 24.31 -1567.80
  7.123   0.971 3.25e-17 2.80e-17 2.41e-17 22.04 -1567.78
  7.123   0.946 3.75e-17 2.46e-17 2.17e-17 21.56 -1567.89
  7.128   0.985 3.62e-17 2.53e-17 1.70e-17 11.66 -1567.73
  7.131   0.931 3.69e-17 2.57e-17 2.23e-17 23.17 -1567.81
  7.132   0.985 4.95e-17 3.92e-17 2.02e-17 22.90 -1567.95
  7.133   0.965 2.89e-17 2.25e-17 1.61e-17 23.89 -1567.81
  7.133   0.969 4.22e-17 2.70e-17 1.94e-17 26.28 -1567.89
  7.134   0.966 3.58e-17 2.34e-17 1.33e-17 16.74 -1567.98
  7.134   0.966 5.36e-17 3.79e-17 2.75e-17 20.70 -1567.90
  7.134   1.028 4.71e-17 3.50e-17 2.64e-17 15.53 -1567.91
  7.135   0.967 4.88e-17 3.51e-17 2.55e-17 13.72 -1567.81
  7.137   0.967 3.40e-17 2.64e-17 2.11e-17 26.02 -1567.95
  7.137   0.968 4.17e-17 3.15e-17 2.23e-17 20.15 -1567.73
  7.153   0.954 3.90e-17 2.72e-17 1.60e-17 22.09 -1567.84
  7.183   0.959 2.80e-17 2.06e-17 1.64e-17 23.39 -1567.78
  7.193   1.019 4.92e-17 3.42e-17 2.04e-17 28.59 -1567.75
