name x y flux1 flux2 flux3 par rv
P03701  16.868  24.323 6.55e-17 4.28e-17 2.55e-17   0.001   -2.31
P00339  17.202  26.425 8.36e-17 5.64e-17 3.23e-17   0.000   -2.81
P04350  17.481  24.439 4.78e-14 2.84e-14 1.64e-14   0.000   -2.13
P00782  17.802  22.156 1.81e-15 9.33e-16 4.13e-16   0.002   -4.33
P04128  17.597  24.702 5.44e-16 2.79e-16 1.24e-16  -0.000   -2.05
P02745  17.910  23.616 1.56e-16 8.52e-17 4.80e-17  -0.001   -3.25
P06093  18.024  23.512 1.98e-14 2.79e-14 3.46e-14  -0.000   -2.89
P05416  18.208  24.857 5.64e-14 4.99e-14 3.05e-14   0.000   -2.04
P03486  18.090  24.774 9.90e-16 4.90e-16 2.34e-16   0.000   -2.11
P00226  18.401  24.672 4.04e-17 2.77e-17 1.61e-17   0.002   -1.94
P03043  18.467  24.157 1.76e-15 9.28e-16 4.13e-16   0.001   -1.93
P02672  18.533  24.729 1.28e-15 6.13e-16 2.83e-16  -0.000   -1.90
P02451  18.407  24.743 1.49e-16 8.75e-17 4.76e-17  -0.001   -2.16
P00439  18.699  24.016 2.52e-14 1.31e-14 5.24e-15   0.000   -1.86
P02644  18.680  24.269 3.65e-14 2.25e-14 1.21e-14   0.000   -1.68
P03729  18.693  24.643 4.29e-17 3.03e-17 1.72e-17  -0.001   -2.21
P02683  18.753  24.151 1.82e-16 1.07e-16 5.81e-17  -0.001   -1.68
P06223  18.836  24.191 8.15e-16 4.49e-16 2.19e-16   0.001   -1.47
P02136  19.044  24.277 2.56e-15 1.19e-15 5.44e-16  -0.000   -1.63
P03638  18.949  24.064 3.15e-14 3.81e-14 3.60e-14   0.001   -1.54
P01128  18.964  24.439 4.49e-14 2.64e-14 1.26e-14   0.000   -1.34
P01711  19.104  24.969 4.42e-16 2.73e-16 1.32e-16   0.000   -2.62
P04954  19.110  23.809 1.31e-16 8.51e-17 4.40e-17  -0.000   -2.99
P02728  19.173  25.035 1.41e-15 6.67e-16 2.95e-16  -0.000   -2.82
P01443  19.241  24.267 5.50e-14 3.60e-14 2.05e-14   0.001   -1.13
P05857  19.217  23.905 4.59e-14 2.91e-14 1.50e-14   0.001   -2.33
P00787  19.160  24.153 3.50e-14 1.95e-14 8.83e-15  -0.000   -1.33
P02325  19.125  23.243 1.05e-16 6.59e-17 3.73e-17  -0.000   -4.26
P04459  19.222  24.491 1.43e-17 1.29e-17 8.13e-18   0.001   -1.91
P03417  19.387  24.406 1.27e-15 6.17e-16 3.02e-16  -0.000   -2.28
P00729  19.298  23.364 1.14e-16 7.40e-17 4.14e-17  -0.000   -3.87
P01302  19.206  24.819 1.96e-15 9.04e-16 3.94e-16  -0.000   -2.64
P06189  19.364  22.901 5.02e-17 3.10e-17 2.17e-17   0.002   -4.64
P00185  19.399  24.629 3.55e-17 2.27e-17 1.53e-17  -0.000   -1.80
P00963  19.297  23.998 4.34e-17 3.02e-17 1.73e-17   0.001   -0.57
P05307  19.462  25.162 5.49e-16 3.14e-16 1.53e-16   0.002   -3.49
P06235  19.359  24.770 2.39e-17 1.90e-17 1.10e-17   0.001   -2.81
P04386  19.482  24.516 4.10e-14 2.34e-14 1.16e-14   0.000   -0.68
P00296  19.528  25.020 2.08e-17 1.57e-17 1.08e-17   0.001   -3.65
P02012  19.653  24.106 1.36e-17 1.09e-17 6.92e-18   0.001   -0.90
P01534  19.745  24.509 5.09e-14 3.53e-14 1.92e-14   0.000   -1.41
P03251  19.590  23.627 8.43e-16 5.17e-16 2.44e-16  -0.001   -3.96
P01163  19.576  24.060 1.37e-16 9.02e-17 5.10e-17  -0.001   -0.36
P04231  19.625  24.541 1.44e-16 1.05e-16 4.91e-17   0.000   -0.47
P01009  19.841  24.939 2.81e-16 1.77e-16 8.64e-17   0.001   -3.56
P02736  19.597  24.514 4.55e-14 4.42e-14 3.50e-14   0.002   -2.08
P05836  19.846  24.080 2.21e-15 1.23e-15 5.18e-16  -0.000   -1.54
P05968  19.718  23.436 3.05e-16 1.74e-16 7.88e-17   0.001   -4.46
P04721  19.802  24.658 2.14e-14 1.08e-14 4.82e-15   0.001   -3.07
P05792  19.793  23.570 1.65e-17 1.36e-17 8.13e-18  -0.001   -4.50
P04842  19.773  23.990 1.27e-17 1.09e-17 6.83e-18   0.000   -1.43
P01311  19.720  24.122 1.13e-17 1.01e-17 6.29e-18   0.001    0.92
P05778  19.782  24.179 2.60e-14 1.24e-14 5.38e-15   0.000    0.24
P03781  19.756  24.018 6.59e-16 3.66e-16 1.70e-16   0.002    0.32
P04296  19.989  24.633 6.81e-16 3.91e-16 1.77e-16  -0.000   -3.07
P01336  19.895  24.268 7.77e-17 5.07e-17 2.65e-17   0.001   -0.53
P05324  19.807  23.873 4.85e-17 3.31e-17 1.86e-17   0.002   -3.49
P00563  19.817  24.874 2.97e-15 1.57e-15 7.46e-16   0.000   -3.83
P02323  19.902  22.890 1.85e-17 1.39e-17 9.62e-18   0.001   -5.09
P05923  19.780  24.165 3.47e-17 2.50e-17 1.57e-17   0.001    0.65
P04302  19.913  23.885 8.46e-16 4.49e-16 2.12e-16  -0.002   -3.52
P00635  19.811  24.407 2.57e-14 1.12e-14 5.49e-15   0.001   -3.11
P04261  19.830  24.579 2.28e-15 1.10e-15 4.78e-16   0.002   -3.16
P05837  19.825  23.997 1.44e-16 8.90e-17 4.71e-17  -0.001   -0.10
P02283  19.822  24.098 6.20e-16 3.44e-16 1.54e-16  -0.000    1.41
P04171  19.920  24.132 3.04e-14 1.73e-14 7.20e-15  -0.001   -0.57
P06182  20.024  24.159 1.48e-14 2.49e-14 3.11e-14   0.001    1.33
P05461  19.804  24.132 2.29e-15 1.28e-15 5.35e-16   0.002    2.17
P03445  19.961  24.565 2.97e-15 1.52e-15 6.73e-16   0.000   -3.29
P04831  19.896  23.067 3.25e-15 1.54e-15 6.83e-16  -0.000   -5.13
P01759  19.944  24.027 1.68e-17 1.34e-17 8.49e-18   0.000   -1.37
P04060  19.949  24.145 2.25e-15 1.11e-15 5.30e-16  -0.000    1.64
P04192  19.935  24.689 5.66e-14 3.88e-14 2.60e-14  -0.000   -3.78
P04852  20.007  24.209 2.24e-17 1.74e-17 1.12e-17   0.002   -1.63
P01617  19.921  24.330 2.77e-15 8.73e-15 1.55e-14   0.002   -2.95
P00162  19.900  24.104 1.10e-16 7.46e-17 4.17e-17   0.001    2.89
P03108  19.883  24.235 5.05e-14 3.20e-14 1.81e-14   0.001   -2.69
P04502  19.909  23.864 2.14e-15 1.04e-15 5.43e-16  -0.001    0.06
P04513  20.016  24.073 5.14e-16 2.74e-16 1.28e-16  -0.000   -2.63
P01517  19.985  23.978 2.20e-15 1.11e-15 4.99e-16   0.001    4.84
P03792  19.840  23.991 3.35e-16 1.86e-16 9.67e-17   0.002   -2.11
P04182  20.085  24.213 1.61e-16 9.26e-17 4.76e-17   0.000    0.15
P04436  20.139  24.198 3.47e-14 1.97e-14 9.99e-15  -0.000    1.91
P04638  20.108  24.076 3.43e-17 2.56e-17 1.49e-17  -0.002    0.71
P02697  19.939  24.067 4.86e-16 2.70e-16 1.35e-16   0.001    3.38
P00997  20.081  24.326 2.81e-14 1.59e-14 6.93e-15   0.001   -2.13
P03953  20.018  24.059 4.49e-14 4.43e-14 3.71e-14   0.000   -2.35
P03104  19.996  24.705 4.44e-14 2.60e-14 1.25e-14   0.001   -3.98
P04433  20.185  24.523 5.85e-14 4.23e-14 3.07e-14   0.002   -3.92
P02982  20.112  23.421 3.57e-14 3.97e-14 3.76e-14  -0.000   -5.34
P03833  20.219  23.989 2.63e-17 1.87e-17 1.17e-17   0.000   -3.46
P03954  20.050  23.768 5.14e-14 3.15e-14 1.60e-14   0.000   -4.69
P00400  19.982  23.961 8.72e-16 4.20e-16 1.91e-16   0.000   -4.54
P04277  20.067  24.230 2.56e-16 1.57e-16 7.83e-17   0.001    3.26
P05924  20.121  24.016 2.17e-14 3.15e-14 3.46e-14   0.000   -5.49
P00804  20.124  24.134 1.33e-15 6.48e-16 3.15e-16   0.001    5.77
P04705  20.057  24.237 9.95e-17 6.70e-17 3.21e-17   0.000    1.16
P04352  20.069  24.070 3.25e-16 1.90e-16 8.65e-17   0.001    8.28
P03379  20.107  24.055 5.99e-17 3.91e-17 2.29e-17   0.000   -4.40
P03232  20.078  23.759 1.24e-14 2.05e-14 2.91e-14   0.000  -15.89
P01142  20.090  24.298 1.29e-14 2.17e-14 2.91e-14   0.000   -3.85
P03295  20.056  23.928 5.42e-14 3.41e-14 1.92e-14   0.002   -5.15
P03118  20.156  24.059 8.60e-16 4.54e-16 2.39e-16  -0.000   20.13
P04417  20.112  24.156 1.00e-15 5.27e-16 2.37e-16  -0.000   19.25
P01659  20.087  24.089 1.99e-16 1.15e-16 5.96e-17  -0.002   -5.73
P04305  19.971  24.085 7.00e-16 3.90e-16 1.86e-16   0.001  -50.71
P02463  20.078  23.936 1.92e-16 1.12e-16 6.04e-17   0.000  -17.04
P06230  20.131  24.118 2.93e-17 2.26e-17 1.30e-17   0.001   -3.59
P04269  20.052  24.155 1.13e-16 6.89e-17 4.15e-17   0.001   -9.82
P00780  20.168  24.141 5.35e-14 3.48e-14 1.82e-14   0.001   51.15
P06083  20.154  24.164 1.92e-16 1.17e-16 6.68e-17   0.001   -3.86
P03454  20.134  24.157 1.31e-15 6.68e-16 2.93e-16   0.002  -13.98
P03441  20.056  24.138 2.80e-16 1.57e-16 8.05e-17   0.002  -15.50
P04420  20.197  23.519 7.43e-16 3.94e-16 1.88e-16   0.002   -5.46
P05655  20.234  24.086 2.18e-14 1.07e-14 5.50e-15   0.001   -9.65
P05209  20.121  24.164 7.49e-17 4.76e-17 3.08e-17   0.003   -4.47
P04224  20.192  23.909 1.80e-14 2.89e-14 3.35e-14   0.000   -5.91
P03790  20.231  24.150 9.31e-17 6.63e-17 3.42e-17   0.001   -7.03
P03261  20.189  24.328 5.23e-14 3.36e-14 2.26e-14   0.001   -4.49
P03217  20.294  24.058 2.72e-15 1.38e-15 7.04e-16  -0.001   -8.75
P05611  20.248  24.004 2.15e-17 1.79e-17 1.07e-17   0.001   -8.52
P00191  20.154  24.090 2.58e-17 1.83e-17 1.16e-17  -0.000  -14.58
P05378  20.193  24.048 2.90e-14 1.58e-14 6.84e-15   0.001  -15.38
P01178  20.166  24.284 1.58e-15 7.84e-16 3.25e-16  -0.001   -4.71
P06054  20.165  23.945 4.80e-16 2.72e-16 1.35e-16   0.001  -13.00
P04656  20.291  24.048 2.83e-15 1.36e-15 5.88e-16   0.001  -11.27
P05371  20.154  24.194 5.92e-17 4.25e-17 2.44e-17  -0.001  -17.08
P03318  20.197  24.203 6.28e-16 3.51e-16 1.57e-16   0.002   -5.87
P04844  20.202  24.019 6.19e-17 3.67e-17 2.41e-17   0.001  -13.25
P01363  20.176  24.159 1.52e-16 9.84e-17 5.19e-17  -0.002   -8.58
P04097  20.233  24.187 9.62e-17 6.49e-17 3.37e-17   0.002  -10.62
P02365  20.147  24.022 9.55e-16 5.15e-16 2.50e-16  -0.001   -8.74
P03511  20.273  24.586 4.00e-14 4.55e-14 3.47e-14   0.000   -4.61
P02508  20.178  24.040 5.67e-16 3.16e-16 1.34e-16   0.000   -9.40
P04988  20.267  23.962 2.25e-16 1.49e-16 7.59e-17   0.001   -7.39
P01212  20.260  25.368 2.00e-14 1.07e-14 5.31e-15   0.002   -4.34
P04425  20.323  24.070 2.23e-15 1.23e-15 5.06e-16  -0.000  -12.29
P02560  20.282  23.880 4.53e-14 2.94e-14 1.39e-14   0.000   -9.63
P03448  20.233  24.053 3.28e-17 2.14e-17 1.33e-17   0.001  -12.45
P01857  20.350  23.958 2.48e-15 1.26e-15 5.54e-16  -0.002  -11.45
P03617  20.385  23.911 2.11e-14 1.14e-14 4.85e-15   0.001   -6.87
P02714  20.374  24.243 1.12e-16 7.27e-17 3.93e-17   0.000  -10.42
P00211  20.170  24.011 2.02e-16 1.32e-16 6.49e-17   0.002  -13.02
P00975  20.341  24.126 2.26e-14 1.05e-14 5.32e-15   0.002  -11.82
P01055  20.348  24.189 1.05e-16 6.64e-17 3.55e-17   0.000   -7.08
P03405  20.331  24.009 1.11e-17 1.06e-17 6.27e-18   0.001   -9.40
P03369  20.343  24.229 2.95e-17 2.02e-17 1.22e-17   0.001   -6.29
P06019  20.437  23.958 3.14e-15 1.44e-15 6.23e-16  -0.001   -9.99
P03883  20.410  24.283 2.61e-14 1.28e-14 6.29e-15   0.002   -6.01
P03142  20.429  24.195 1.21e-15 5.95e-16 2.92e-16   0.001  -12.54
P00765  20.379  23.964 3.87e-14 2.32e-14 1.19e-14  -0.000  -11.63
P05670  20.312  23.959 5.17e-14 4.82e-14 3.10e-14  -0.002  -11.47
P05287  20.350  24.002 7.28e-17 5.15e-17 2.89e-17   0.001  -11.20
P03753  20.322  24.431 3.37e-16 2.03e-16 1.06e-16   0.002   -7.63
P00465  20.415  24.364 1.18e-15 5.71e-16 2.71e-16   0.001   -7.06
P01091  20.478  23.945 5.83e-14 4.02e-14 2.88e-14   0.001  -10.83
P03986  20.451  23.981 7.05e-17 4.57e-17 2.75e-17   0.001   -9.58
P04326  20.411  23.998 4.20e-17 3.00e-17 1.61e-17   0.002  -10.12
P02099  20.522  24.009 3.26e-14 1.63e-14 8.02e-15   0.000  -10.39
P02956  20.543  23.869 5.75e-16 3.10e-16 1.55e-16   0.001   -9.08
P00145  20.530  23.931 7.41e-16 3.91e-16 1.71e-16   0.001   -8.31
P02602  20.536  24.041 2.98e-14 3.53e-14 4.02e-14   0.001  -10.60
P05727  20.542  24.184 3.67e-14 3.93e-14 3.61e-14   0.001   -8.74
P05740  20.532  23.814 2.52e-16 1.71e-16 7.80e-17  -0.001   -8.11
P05146  20.580  23.753 2.93e-15 1.27e-15 6.43e-16   0.001   -6.91
P00256  20.525  24.358 2.25e-16 1.23e-16 6.77e-17  -0.000   -5.95
P03548  20.309  23.476 4.87e-17 3.35e-17 1.80e-17  -0.001   -6.38
P00476  20.581  24.574 1.03e-14 1.77e-14 2.64e-14  -0.000   -5.70
P04835  20.508  23.781 7.51e-15 1.62e-14 2.50e-14  -0.000   -7.94
P00640  20.615  23.686 3.49e-14 1.88e-14 9.13e-15  -0.000   -9.21
P01130  20.598  23.931 3.82e-17 2.66e-17 1.49e-17   0.000   -9.81
P04710  20.536  23.874 1.97e-16 1.14e-16 5.91e-17  -0.000   -7.14
P02410  20.756  23.596 4.31e-17 2.94e-17 1.75e-17   0.002   -7.23
P02167  20.669  24.168 9.97e-16 5.44e-16 2.19e-16   0.001   -8.91
P00554  20.737  24.124 5.24e-17 3.61e-17 2.00e-17   0.000   -9.02
P05936  20.833  24.075 6.00e-17 3.88e-17 2.47e-17   0.002   -9.50
P05101  20.555  23.505 3.69e-16 1.96e-16 1.06e-16   0.000   -6.58
P03420  20.899  24.274 4.29e-14 3.03e-14 1.34e-14   0.000   -7.82
P01978  20.896  24.205 1.65e-16 1.10e-16 5.51e-17   0.002   -6.98
P00743  20.861  24.594 2.22e-17 1.60e-17 1.04e-17  -0.001   -5.74
P04179  20.815  24.292 1.62e-16 8.87e-17 5.00e-17   0.001   -8.79
P00086  20.980  23.952 3.89e-16 2.22e-16 1.20e-16  -0.000   -8.34
P05920  20.896  24.096 4.93e-16 2.79e-16 1.34e-16  -0.000   -8.01
P05975  20.984  24.348 4.10e-14 2.23e-14 1.13e-14   0.002   -6.64
P03531  21.099  22.853 2.10e-15 1.03e-15 5.15e-16   0.001   -6.41
P03956  20.973  24.059 6.98e-17 4.82e-17 2.68e-17   0.000   -8.05
P02964  21.111  24.049 4.41e-14 2.66e-14 1.28e-14  -0.001   -7.46
P01177  21.158  24.364 3.45e-16 1.96e-16 1.02e-16   0.002   -7.47
P01554  21.077  23.962 1.27e-17 1.16e-17 7.70e-18   0.002   -8.16
P01518  20.968  24.291 1.38e-17 1.02e-17 6.73e-18   0.001   -6.76
P00313  21.148  23.859 4.78e-14 2.48e-14 1.25e-14  -0.001   -8.38
P05296  21.294  23.853 1.03e-16 6.49e-17 3.80e-17   0.003   -8.17
P02127  21.291  23.740 1.15e-15 6.12e-16 2.84e-16   0.000   -7.89
P03173  21.243  23.902 5.41e-17 3.59e-17 2.03e-17  -0.002   -8.20
P05249  21.456  23.717 7.32e-16 4.08e-16 1.93e-16   0.001   -7.93
P03019  21.592  23.513 5.96e-14 4.15e-14 2.42e-14   0.002   -7.50
P01323  21.752  22.542 4.92e-14 3.17e-14 1.56e-14   0.001   -6.67
P02551  21.779  23.048 8.80e-17 5.29e-17 2.98e-17   0.001   -7.36
P00559  21.819  23.504 5.34e-17 3.84e-17 2.28e-17   0.002   -7.59
P04387  21.873  23.542 3.01e-16 1.76e-16 8.77e-17   0.001   -7.75
P05662  22.017  23.607 4.54e-14 4.46e-14 3.48e-14  -0.000   -7.68
P05972  22.054  23.157 2.00e-14 1.13e-14 5.08e-15   0.001   -7.31
P04991  22.104  23.628 1.45e-16 9.41e-17 4.51e-17  -0.000   -7.60
P00676  22.299  24.124 9.82e-17 6.41e-17 3.58e-17   0.000   -7.32
P01118  22.368  22.846 4.82e-17 3.18e-17 1.93e-17   0.001   -7.24
P02991  22.591  23.139 2.68e-17 2.10e-17 1.13e-17  -0.000   -7.44
P05946  22.622  23.269 2.71e-14 1.43e-14 7.11e-15  -0.002   -7.39
P02371  23.157  23.447 2.16e-17 1.74e-17 1.03e-17   0.001   -7.48
