x y flux0 flux1 flux2 width rv
 32.607 -28.760 2.62e-17 1.22e-17 8.03e-18 12.94 -2442.57
 32.661 -28.785 2.63e-17 1.16e-17 9.77e-18 13.86 -2442.62
 32.679 -28.711 1.91e-17 1.30e-17 9.22e-18 11.73 -2442.42
 32.680 -28.791 2.28e-17 1.43e-17 8.03e-18 10.88 -2442.58
 32.695 -28.780 2.59e-17 1.06e-17 6.69e-18 10.99 -2442.57
 32.704 -28.708 1.81e-17 1.49e-17 8.07e-18 11.90 -2442.36
 32.707 -28.787 2.29e-17 1.61e-17 1.22e-17 15.96 -2442.59
 32.708 -28.868 1.52e-17 1.07e-17 8.61e-18 16.15 -2442.56
 32.796 -28.856 2.09e-17 1.02e-17 9.33e-18 15.32 -2442.70
