name x y flux1 flux2 flux3 par rv
P01367   0.040  13.296 2.47e-15 1.50e-15 6.09e-16   0.000   -6.52
P03878   0.038  13.143 6.96e-14 3.57e-14 1.66e-14   0.002   -7.05
P01019   0.110  13.906 6.80e-14 3.51e-14 1.50e-14   0.000   -3.66
P05603   0.103  12.925 9.43e-16 5.39e-16 2.54e-16  -0.000   -1.19
P02795   0.021  12.949 1.76e-16 1.09e-16 6.41e-17  -0.001   -6.65
P01071   0.100  13.831 7.12e-14 4.16e-14 1.86e-14   0.001   -4.17
P03032   0.121  13.750 1.63e-13 1.17e-13 7.17e-14   0.002   -3.99
P04777   0.104  12.025 2.87e-16 1.68e-16 1.02e-16   0.000   -2.04
P05196   0.098  13.114 8.97e-16 5.23e-16 2.63e-16  -0.000   -6.74
P03988   0.086  12.905 7.81e-14 1.01e-13 9.09e-14   0.002   -5.81
P01543   0.297  12.946 3.94e-15 1.92e-15 1.00e-15   0.001   -6.55
P02524   0.115  13.075 1.06e-15 6.35e-16 3.27e-16   0.000   -2.14
P03209   0.162  12.727 1.64e-13 1.16e-13 6.79e-14   0.000   -5.68
P02302   0.336  11.670 1.11e-13 6.03e-14 2.91e-14  -0.001   -3.74
P04766   0.170  12.699 1.67e-17 1.39e-17 1.03e-17   0.001   -0.69
P02582   0.381  12.599 2.72e-17 2.59e-17 1.62e-17   0.001   -5.08
P03081   0.269  13.247 1.89e-15 1.16e-15 5.54e-16  -0.001   -2.10
P05919   0.390  12.336 2.22e-15 1.14e-15 4.87e-16   0.001   -0.06
P00705   0.249  13.036 3.64e-15 1.58e-15 8.04e-16   0.001   -5.97
P01198   0.324  12.270 7.40e-14 4.74e-14 2.36e-14  -0.001   -3.48
P01191   0.303  12.256 2.01e-15 1.11e-15 4.94e-16  -0.000    0.05
P01764   0.446  11.700 9.77e-14 5.42e-14 2.83e-14   0.000   -2.41
P04821   0.280  13.192 8.23e-17 6.58e-17 4.27e-17   0.000   -5.46
P05338   0.392  13.100 9.56e-17 6.40e-17 3.92e-17   0.000   -6.09
P04756   0.308  12.785 2.57e-15 1.43e-15 5.87e-16   0.000   -1.26
P03583   0.304  12.400 2.28e-15 1.35e-15 6.42e-16   0.001    0.35
P04814   0.375  12.520 1.24e-13 1.01e-13 6.95e-14   0.001    0.55
P04599   0.579  12.513 1.09e-17 9.40e-18 8.06e-18   0.004    0.49
P00969   0.567  12.409 1.26e-13 8.23e-14 6.11e-14   0.002   -1.12
P01687   0.580  12.916 2.03e-15 1.11e-15 5.50e-16   0.002   -2.18
P05494   0.640  12.324 9.54e-14 1.07e-13 8.71e-14   0.001    0.35
P02726   0.404  12.163 6.69e-16 3.65e-16 2.00e-16  -0.000   -1.93
P03691   0.646  12.818 2.41e-16 1.50e-16 7.90e-17   0.001   -1.02
P04454   0.567  12.646 1.38e-17 1.32e-17 9.44e-18  -0.001   -0.00
P01902   0.803  12.591 5.02e-17 3.83e-17 2.37e-17  -0.000    0.68
P05023   0.709  12.970 4.65e-17 3.67e-17 2.06e-17   0.001   -6.07
P00424   0.751  12.315 2.46e-17 1.79e-17 1.28e-17   0.000   -1.96
P04665   0.778  12.728 2.52e-15 1.12e-15 5.82e-16  -0.001    1.16
P05735   0.841  12.876 6.53e-14 8.72e-14 9.46e-14  -0.000   -2.26
P03893   0.898  12.696 1.20e-13 9.54e-14 4.91e-14   0.000   -5.16
P02433   0.797  11.904 1.38e-16 8.67e-17 5.19e-17   0.001   -2.63
P01456   1.078  12.281 8.90e-16 5.06e-16 2.62e-16  -0.000   -0.97
P02092   0.831  12.194 1.09e-16 7.80e-17 4.33e-17   0.002   -2.61
P02427   0.888  12.893 7.61e-14 4.40e-14 1.90e-14  -0.001   -2.51
P04985   0.918  12.341 2.27e-17 1.72e-17 1.33e-17  -0.000   -0.14
P04172   0.837  12.618 1.19e-13 9.61e-14 5.83e-14   0.001    0.76
P02640   1.026  11.684 8.34e-17 6.06e-17 3.75e-17  -0.000   -3.21
P00823   0.969  14.432 8.51e-14 7.28e-14 4.05e-14   0.001   -3.48
P00410   0.906  12.794 2.10e-16 1.28e-16 7.07e-17   0.000   -0.21
P04200   0.808  12.982 8.11e-15 3.96e-15 1.93e-15   0.001   -6.15
P03263   0.984  12.339 8.09e-14 9.52e-14 8.16e-14   0.000   -1.97
P01765   0.883  12.915 7.81e-14 4.18e-14 2.00e-14   0.001   -5.71
P01509   0.955  12.322 3.69e-17 2.95e-17 1.96e-17   0.001   -1.75
P03900   0.976  12.592 5.26e-16 3.39e-16 1.60e-16   0.001    0.37
P03808   1.022  12.416 6.68e-15 3.44e-15 1.31e-15   0.001   -1.73
P04749   0.967  12.694 4.72e-17 3.85e-17 2.27e-17   0.001    1.83
P01259   1.076  13.449 1.34e-13 1.33e-13 9.67e-14   0.001   -6.07
P00604   1.072  12.268 1.86e-15 1.05e-15 4.26e-16   0.001    0.82
P02997   1.131  13.581 3.30e-15 1.79e-15 8.74e-16   0.002   -2.91
P01821   1.036  12.496 1.01e-13 5.79e-14 2.91e-14   0.002    2.00
P06013   1.167  12.609 1.43e-15 7.80e-16 4.06e-16   0.001   -0.69
P04056   1.145  12.682 7.62e-14 4.92e-14 2.16e-14  -0.000    2.01
P05660   1.081  12.918 1.17e-13 1.17e-13 8.54e-14   0.001   -2.35
P00073   1.111  14.402 8.62e-17 5.73e-17 3.64e-17   0.000   -4.67
P03447   1.259  12.311 1.05e-16 7.39e-17 4.42e-17   0.000    0.13
P03982   0.985  12.144 5.98e-17 3.96e-17 2.51e-17  -0.000   -2.86
P00506   1.130  12.423 4.49e-16 2.76e-16 1.27e-16   0.001   -0.93
P02264   1.192  12.412 2.15e-17 1.87e-17 1.10e-17   0.001    1.17
P01825   1.274  12.835 1.46e-17 1.19e-17 8.59e-18   0.000    2.68
P01449   1.349  12.915 6.72e-14 3.65e-14 1.70e-14   0.000   -2.74
P03285   1.214  12.911 2.83e-15 1.32e-15 6.66e-16   0.001   -2.02
P01562   1.321  13.063 1.10e-13 6.45e-14 3.16e-14   0.001   -2.56
P03422   1.234  12.474 1.31e-13 8.23e-14 3.98e-14   0.001    3.19
P06007   1.386  12.620 2.03e-17 1.63e-17 1.14e-17   0.001    0.81
P02072   1.130  12.301 5.58e-14 2.64e-14 1.19e-14   0.001   -3.14
P00874   1.322  13.967 2.87e-16 1.94e-16 1.02e-16   0.001   -4.26
P00075   1.333  12.260 7.48e-15 1.99e-14 3.58e-14  -0.000   -2.59
P05882   1.230  12.450 4.27e-15 2.40e-15 1.06e-15  -0.001    1.45
P01999   1.265  14.000 2.58e-17 2.19e-17 1.39e-17   0.002   -4.25
P02032   1.260  12.798 7.21e-16 4.05e-15 1.44e-14  -0.002    4.18
P04866   1.378  12.309 4.44e-17 3.47e-17 2.24e-17   0.001   -2.77
P06206   1.304  14.518 3.07e-15 1.53e-15 6.68e-16  -0.000   -4.72
P01452   1.412  12.456 3.94e-17 3.14e-17 1.84e-17   0.000   -1.94
P02132   1.398  12.635 4.77e-17 3.02e-17 2.17e-17   0.000   -2.42
P02258   1.517  12.406 8.12e-14 4.22e-14 1.74e-14  -0.000   -1.56
P03271   1.469  12.598 7.32e-15 4.11e-15 1.80e-15   0.002    3.77
P04145   1.457  12.577 1.48e-15 7.18e-16 4.09e-16   0.002   -2.93
P05816   1.380  12.181 4.47e-15 2.17e-15 1.12e-15   0.001   -2.34
P01525   1.521  12.008 4.39e-17 3.43e-17 2.41e-17   0.001   -3.31
P01683   1.553  12.440 5.85e-16 3.70e-16 2.01e-16   0.001   -1.49
P03749   1.478  12.585 1.64e-17 1.37e-17 1.03e-17  -0.000   -0.40
P02985   1.561  12.480 3.26e-16 1.94e-16 1.14e-16   0.000   -2.11
P06005   1.586  12.572 1.15e-17 9.15e-18 7.32e-18   0.001    5.97
P03853   1.583  12.701 8.63e-16 4.87e-16 2.27e-16   0.000   10.41
P01321   1.516  12.290 3.50e-15 1.81e-15 7.79e-16   0.000   -2.44
P05271   1.628  12.359 5.61e-17 3.43e-17 2.36e-17   0.001   -3.20
P05752   1.640  11.463 2.28e-17 1.75e-17 1.28e-17   0.002   -3.63
P02534   1.619  12.485 1.07e-17 8.70e-18 7.04e-18   0.001   -1.68
P04401   1.656  13.766 1.63e-16 8.72e-17 5.49e-17   0.000   -5.14
P04118   1.796  12.592 2.45e-17 1.95e-17 1.44e-17  -0.001   -3.35
P03048   1.562  12.629 4.19e-15 2.42e-15 8.59e-16   0.001    9.43
P05846   1.623  12.486 6.81e-17 4.52e-17 2.85e-17  -0.000   -3.35
P02363   1.589  12.427 7.02e-17 4.87e-17 2.92e-17  -0.001   -8.20
P04490   1.623  12.415 1.34e-15 7.38e-16 3.31e-16   0.002  -28.42
P03287   1.638  12.588 5.17e-16 3.37e-16 1.53e-16   0.000   -3.69
P00934   1.568  12.408 1.12e-15 6.34e-16 3.69e-16   0.001   -4.36
P05366   1.670  12.485 1.22e-16 8.52e-17 4.48e-17   0.000   -4.25
P06130   1.827  12.720 1.15e-13 7.00e-14 4.30e-14   0.000   -3.84
P03573   1.721  12.604 1.11e-15 6.18e-16 2.79e-16   0.001  -18.93
P02244   1.657  12.729 5.76e-17 4.96e-17 2.55e-17   0.000   -5.67
P00678   1.640  12.581 1.37e-15 6.12e-16 3.03e-16   0.001   -9.47
P03732   1.653  14.045 6.94e-16 4.30e-16 2.18e-16  -0.000   -4.74
P03725   1.731  12.845 4.20e-16 2.44e-16 1.29e-16  -0.000   -3.87
P03452   1.705  12.674 5.89e-17 4.96e-17 2.89e-17   0.001   -6.52
P06214   1.778  12.266 5.58e-17 5.26e-17 2.41e-17   0.001   -3.70
P03189   1.876  12.442 1.68e-17 1.71e-17 1.11e-17   0.001   -4.62
P02965   1.623  12.802 6.06e-16 3.96e-16 2.03e-16  -0.001   -6.37
P03065   1.904  12.737 1.74e-15 9.70e-16 3.88e-16   0.001  -12.00
P05985   1.827  12.688 3.76e-16 2.27e-16 1.11e-16   0.001  -12.23
P04156   1.686  12.532 4.65e-16 2.83e-15 1.17e-14   0.001   -9.63
P01827   1.856  12.816 1.38e-16 8.21e-17 4.84e-17   0.001   -4.03
P02197   1.906   9.411 5.85e-17 4.18e-17 2.71e-17   0.002   -2.83
P06231   1.826  12.687 5.06e-14 2.56e-14 1.08e-14  -0.002   -5.80
P04498   1.796  12.381 6.43e-14 3.30e-14 1.47e-14  -0.001   -6.80
P06100   1.809  12.278 7.33e-15 3.96e-15 1.78e-15   0.001   -6.28
P01272   1.893  12.378 2.74e-15 1.05e-14 2.58e-14   0.001   -4.59
P05520   1.949  12.577 1.41e-17 1.50e-17 9.62e-18   0.001   -8.11
P04126   1.925  12.250 9.10e-14 5.03e-14 2.26e-14   0.001   -4.41
P05896   1.927  13.869 1.40e-17 1.22e-17 9.44e-18   0.001   -3.35
P05419   1.953  12.284 7.54e-17 4.72e-17 3.10e-17   0.000  -10.59
P03906   2.135  12.601 1.34e-13 8.84e-14 4.90e-14   0.003   -6.00
P01761   1.993  13.391 2.59e-14 5.26e-14 7.53e-14   0.001   -3.50
P04297   1.903  13.098 1.81e-16 1.33e-16 7.46e-17   0.000   -5.88
P05427   1.935  12.651 8.32e-16 4.47e-16 2.24e-16   0.000   -6.56
P04471   2.159  12.548 2.22e-17 1.91e-17 1.25e-17   0.002   -8.05
P02788   2.048  12.504 1.21e-17 9.74e-18 8.43e-18   0.001   -8.86
P03064   2.112  13.267 4.98e-15 2.36e-15 1.01e-15   0.001   -4.76
P03938   2.049  12.414 2.72e-16 1.78e-16 9.61e-17   0.000   -8.80
P03455   2.166  13.273 1.44e-17 1.38e-17 1.07e-17   0.001   -4.15
P05648   2.049  12.583 4.85e-17 3.25e-17 2.20e-17   0.001   -8.95
P00625   2.081  13.787 6.85e-17 5.98e-17 3.49e-17   0.001   -4.84
P02744   2.128  12.832 1.10e-16 6.94e-17 4.24e-17   0.002   -5.54
P02860   2.159  12.652 2.20e-15 1.17e-15 5.75e-16   0.001   -8.90
P01710   2.191  12.672 5.24e-15 2.63e-15 1.34e-15  -0.002   -8.57
P05388   2.222  13.630 1.08e-13 1.21e-13 9.48e-14   0.000   -3.54
P04392   2.295  12.375 2.75e-16 1.92e-16 9.50e-17  -0.001   -5.01
P03733   2.253  12.528 1.67e-17 1.41e-17 9.05e-18  -0.001   -8.18
P06118   2.290  12.620 6.06e-17 4.22e-17 2.70e-17   0.001   -8.33
P00016   2.681  12.238 3.57e-16 2.22e-16 1.19e-16   0.001   -5.27
P03517   2.485  12.429 3.20e-16 2.18e-16 1.07e-16   0.001   -5.50
P01920   2.521  12.037 1.21e-16 6.96e-17 4.27e-17   0.002   -4.61
P00864   2.533  12.512 8.76e-16 4.88e-16 2.37e-16   0.000   -7.73
P04069   2.532  13.036 5.94e-16 4.32e-16 1.99e-16   0.003   -4.66
P05536   2.510  12.522 3.14e-15 1.97e-15 7.99e-16   0.002   -6.73
P05470   2.617  12.248 4.86e-15 2.77e-15 1.44e-15   0.000   -4.81
P00976   2.548  14.903 5.61e-15 2.78e-15 1.19e-15   0.002   -4.56
P04475   2.659  12.363 1.12e-17 1.04e-17 7.79e-18   0.002   -5.92
P00930   2.545  12.762 6.50e-16 4.07e-16 2.00e-16  -0.001   -7.55
P01441   2.651  12.424 6.72e-14 3.47e-14 1.68e-14   0.001   -7.13
P06155   2.792  13.604 1.82e-15 9.15e-16 4.56e-16   0.001   -3.97
P01386   2.996  12.146 9.23e-16 4.86e-16 2.63e-16  -0.000   -5.30
P04813   3.070  12.664 1.24e-17 1.21e-17 8.79e-18   0.003   -6.81
P01058   2.964  12.211 1.81e-14 3.71e-14 5.36e-14   0.002   -6.08
P00641   2.913  13.127 1.65e-15 8.70e-16 4.79e-16  -0.000   -5.20
P03376   3.054  12.694 2.37e-15 1.40e-15 7.02e-16   0.000   -7.09
P06003   3.093  12.463 1.08e-13 7.98e-14 4.23e-14  -0.001   -7.12
P04113   2.956  12.147 7.24e-14 3.90e-14 1.96e-14  -0.000   -6.15
P03904   3.028  12.636 4.99e-15 2.53e-15 1.09e-15  -0.001   -6.77
P04535   3.073  12.366 7.16e-14 8.63e-14 8.87e-14   0.000   -6.51
P01974   3.089  12.279 1.57e-17 1.48e-17 9.72e-18   0.002   -6.35
P01024   3.002   8.191 3.01e-16 1.55e-16 9.87e-17   0.000   -5.30
P03432   3.236  11.924 5.71e-15 2.72e-15 1.34e-15  -0.000   -5.08
P00986   3.260  12.887 3.77e-17 3.00e-17 1.86e-17   0.001   -5.89
P03250   3.245  13.101 5.33e-16 3.30e-16 1.61e-16   0.002   -5.91
P00660   3.268   6.884 2.61e-16 1.80e-16 1.20e-16   0.004   -3.41
P03163   3.407  12.669 6.64e-16 4.16e-16 2.30e-16  -0.000   -6.47
P00979   3.467  12.978 4.75e-17 4.06e-17 2.47e-17   0.002   -5.71
P02738   3.338  14.132 1.56e-15 7.76e-16 3.70e-16   0.000   -4.30
P05562   3.332  13.084 7.02e-16 4.27e-16 1.97e-16  -0.000   -6.70
P01668   3.472  12.593 8.22e-15 3.80e-15 1.67e-15  -0.001   -6.77
P04294   3.501  12.859 6.28e-14 3.69e-14 1.65e-14   0.001   -6.51
P04109   3.621   6.825 1.17e-17 1.12e-17 8.24e-18   0.002   -3.42
P05592   3.579  12.893 2.90e-15 1.56e-15 7.21e-16   0.000   -6.14
P04527   3.697  13.377 5.78e-15 2.84e-15 1.41e-15  -0.000   -4.70
P02752   3.527  12.521 2.96e-16 1.71e-16 9.47e-17   0.000   -4.47
P05048   3.733  14.600 2.82e-17 2.27e-17 1.47e-17  -0.001   -4.59
P05567   3.985  11.967 8.42e-17 5.84e-17 3.67e-17   0.001   -4.98
P01049   3.981  12.647 7.91e-14 8.26e-14 8.64e-14   0.000   -5.96
P00940   4.031  13.512 1.76e-17 1.54e-17 1.01e-17   0.001   -4.58
P04625   4.224   6.888 1.57e-15 8.44e-16 4.13e-16   0.001   -3.83
P04830   4.236   5.490 3.46e-12 2.45e-12 1.21e-12   0.072   -5.31
P00303   4.303  12.498 1.26e-13 8.27e-14 3.98e-14  -0.000   -6.44
P04983   4.220  11.475 2.47e-17 1.94e-17 1.32e-17   0.001   -5.29
P05109   4.333  12.295 1.18e-16 8.62e-17 5.14e-17   0.000   -6.43
P01095   4.388  13.223 2.70e-15 1.32e-15 6.52e-16  -0.001   -5.71
P04919   4.394  13.136 3.93e-16 2.49e-16 1.17e-16   0.002   -5.61
P03728   4.365  13.057 3.04e-15 1.60e-15 6.66e-16   0.000   -5.74
P05751   4.573  13.247 7.41e-14 4.00e-14 2.22e-14   0.001   -5.41
P00598   4.951   5.362 9.57e-17 6.85e-17 4.49e-17   0.002   -3.69
P02861   5.178  12.435 1.07e-13 1.14e-13 7.49e-14   0.004   -6.00
P03374   5.391   2.662 2.35e-15 1.25e-15 7.11e-16   0.001   -5.62
P04845   5.497   4.825 3.67e-17 2.98e-17 2.04e-17   0.002   -3.92
P01893   5.633   5.358 1.82e-16 1.38e-16 7.62e-17   0.001   -4.38
P00302   5.690  12.475 4.11e-17 3.19e-17 2.43e-17   0.001   -6.16
P03823   5.696   4.530 1.06e-13 6.23e-14 3.16e-14   0.000   -3.81
P02383   5.922  12.417 1.21e-16 9.03e-17 5.56e-17   0.001   -6.06
P05152   5.893   3.881 1.25e-13 7.28e-14 3.96e-14   0.001   -3.98
P02335   5.948  12.454 3.51e-17 2.63e-17 1.82e-17  -0.000   -6.22
P05554   5.978   2.964 1.42e-14 6.35e-15 3.12e-15   0.003   -5.27
P06053   6.135   2.960 1.10e-17 1.34e-17 9.89e-18   0.002   -5.59
P00354   6.171   2.953 5.14e-15 2.63e-15 1.12e-15   0.000   -5.52
P03066   6.509   3.256 1.27e-13 7.71e-14 3.68e-14   0.002   -4.04
P00143   6.516   2.848 8.11e-17 6.27e-17 3.79e-17   0.000   -4.99
P01574   6.502  11.914 3.65e-17 2.88e-17 1.80e-17   0.000   -5.90
P02482   6.657   3.240 2.16e-17 1.93e-17 1.67e-17   0.000   -4.31
P00449   6.713   3.776 2.68e-15 1.51e-15 7.13e-16   0.001   -4.42
P05974   6.786   3.198 1.81e-17 1.72e-17 1.18e-17  -0.000   -3.83
P00102   6.665   2.496 6.05e-14 9.73e-14 1.27e-13   0.001   -5.60
P04946   6.810   3.293 8.87e-14 3.99e-14 2.07e-14   0.001   -4.15
P01909   7.011   0.740 1.77e-17 1.65e-17 1.30e-17   0.001   -6.81
P01942   7.111   2.899 5.69e-15 2.69e-15 1.36e-15   0.001   -3.87
P05045   7.149   2.665 5.83e-16 3.55e-16 1.98e-16  -0.000   -4.88
P04489   7.223   3.125 4.49e-16 3.14e-16 1.68e-16   0.001   -4.56
P01458   7.206  11.853 3.44e-17 2.81e-17 1.96e-17   0.000   -5.99
P03843   7.300   2.843 2.14e-16 1.40e-16 8.50e-17   0.001   -4.22
P05892   7.283   0.343 1.08e-13 6.45e-14 3.58e-14   0.001   -5.63
P05669   7.406   2.703 1.10e-13 6.12e-14 2.70e-14   0.002   -4.19
P03678   7.482   2.437 8.05e-16 5.13e-16 2.68e-16   0.001   -4.77
P05997   7.541   1.733 7.79e-16 4.06e-16 2.30e-16   0.000   -6.13
P03798   7.700   2.191 1.42e-15 8.81e-16 4.07e-16   0.001   -5.27
P00951   7.584   2.475 2.93e-17 2.49e-17 1.70e-17   0.003   -3.47
P04516   7.652   2.696 3.85e-15 2.09e-15 9.93e-16   0.001   -4.78
P02716   7.451   2.131 1.95e-13 1.81e-13 1.21e-13   0.003   -4.06
P03773   7.606   2.029 1.69e-13 1.71e-13 1.28e-13   0.000   -4.91
P06208   7.571   2.576 1.91e-15 1.23e-15 5.22e-16   0.002   -3.55
P00148   7.764   2.393 1.04e-14 3.59e-14 6.07e-14   0.001   -3.70
P05618   7.686   2.056 1.41e-13 7.17e-14 3.54e-14   0.001   -4.75
P04645   7.758   2.204 5.45e-15 3.05e-15 1.25e-15   0.001   -4.65
P04485   7.672   0.216 2.91e-17 2.45e-17 1.51e-17   0.000   -5.61
P01292   7.931   2.669 1.98e-15 1.06e-15 5.12e-16  -0.000   -4.89
P02887   7.875   1.917 3.80e-17 3.37e-17 2.14e-17   0.001   -3.77
P01457   7.926   2.190 2.73e-15 1.40e-15 6.44e-16   0.000   -3.88
P00048   8.043   1.668 7.35e-17 5.35e-17 3.55e-17   0.001   -3.12
P00053   7.905   1.904 1.56e-13 9.80e-14 4.30e-14   0.001   -2.93
P02579   7.847   2.608 1.44e-17 1.41e-17 1.07e-17   0.000   -5.40
P04806   8.034   1.648 1.88e-13 1.32e-13 7.84e-14   0.001   -3.13
P01623   8.062   1.701 1.50e-13 8.64e-14 4.42e-14  -0.000   -4.06
P01221   8.176   1.640 2.32e-15 1.06e-14 2.85e-14   0.001   -3.08
P02537   8.180   2.168 1.30e-15 7.09e-16 3.96e-16   0.001   -5.74
P03171   8.306   1.662 8.08e-16 4.66e-16 2.34e-16   0.003   -3.20
P03390   8.306   1.785 9.99e-17 7.80e-17 4.70e-17  -0.000   -5.18
P00149   8.389   1.209 1.50e-13 1.85e-13 1.49e-13   0.001   -6.63
P01208   8.194   1.854 5.20e-17 4.16e-17 2.84e-17   0.002   -4.47
P04455   8.182   1.534 5.69e-16 3.28e-16 1.90e-16   0.002   -2.10
P03679   8.195   1.320 1.33e-13 1.45e-13 1.21e-13   0.001   -3.48
P02155   8.229   1.383 3.80e-17 2.73e-17 1.75e-17   0.003   -1.87
P01257   8.373   1.131 1.24e-15 6.76e-16 3.50e-16   0.003   -4.24
P00247   8.195   0.936 3.13e-16 2.27e-16 1.28e-16   0.001   -0.68
P05354   8.333   1.212 1.46e-13 7.63e-14 4.31e-14   0.002   -4.71
P04191   8.357   1.446 1.56e-13 8.54e-14 4.97e-14  -0.001   -3.99
P06063   8.384   0.732 1.44e-16 9.15e-17 5.75e-17   0.002   -5.10
P03932   8.382   1.724 2.18e-15 1.19e-15 5.84e-16   0.002   -5.95
P05804   8.428   1.909 2.68e-15 1.32e-15 7.43e-16   0.002   -5.10
P00531   8.469   0.890 5.22e-15 2.66e-15 1.13e-15  -0.001   -6.53
P05927   8.347   1.103 8.78e-16 4.52e-16 2.49e-16   0.000   -3.07
P02872   8.378   2.063 2.05e-17 2.12e-17 1.24e-17   0.001   -6.19
P01500   8.310   0.804 1.98e-17 1.92e-17 1.31e-17   0.002   -6.97
P05406   8.407   1.380 1.66e-13 1.43e-13 1.09e-13   0.001   -3.24
P03519   8.496   1.524 1.07e-13 1.34e-13 1.47e-13  -0.001   -3.67
P06044   8.443   0.137 1.17e-16 8.49e-17 5.00e-17   0.003   -5.25
P03391   8.540   1.370 1.28e-17 1.30e-17 9.46e-18   0.002   -5.18
P01654   8.423   0.724 1.53e-15 8.09e-16 4.26e-16   0.002   -7.18
P04897   8.437   1.614 1.89e-13 1.50e-13 9.53e-14   0.002   -5.54
P01932   8.493   1.179 9.22e-14 4.56e-14 2.34e-14   0.001   -3.78
P01390   8.447   1.073 2.48e-15 1.36e-15 5.53e-16  -0.001   -1.43
P02128   8.508   1.597 2.24e-15 1.21e-15 6.44e-16   0.001   -4.81
P02373   8.553   1.380 2.16e-13 1.50e-13 1.02e-13   0.001   -0.84
P04680   8.468   1.301 2.54e-17 2.15e-17 1.27e-17   0.002   -1.32
P00578   8.467   1.121 2.17e-17 2.02e-17 1.42e-17  -0.001    0.39
P00918   8.522   1.013 3.53e-16 1.93e-16 1.06e-16   0.002   -4.73
P03135   8.521   1.619 9.79e-16 5.93e-16 2.67e-16   0.002   -6.13
P05135   8.480   0.946 4.66e-16 2.51e-16 1.59e-16   0.000    7.68
P03648   8.638   1.086 1.24e-15 7.07e-16 3.57e-16   0.002   -3.10
P03959   8.667   1.062 2.26e-15 1.02e-14 3.11e-14   0.001    0.41
P05254   8.514   0.907 3.76e-16 2.24e-16 1.19e-16   0.001   -4.96
P05441   8.696   1.680 1.45e-17 1.32e-17 9.64e-18   0.002   -6.48
P05312   8.617   1.421 4.59e-17 3.77e-17 2.63e-17   0.002   -3.02
P02809   8.583   0.984 1.05e-13 5.91e-14 2.98e-14  -0.001    2.94
P02350   8.681   1.195 2.74e-17 2.85e-17 1.82e-17  -0.002   -1.36
P04472   8.718   0.902 1.83e-13 1.05e-13 5.36e-14  -0.000   -6.65
P02899   8.682   0.935 2.31e-17 2.10e-17 1.50e-17   0.000   -5.05
P04410   8.758   1.328 4.14e-15 2.00e-15 9.26e-16  -0.001   -6.55
P03741   8.669   0.864 4.43e-16 2.65e-16 1.37e-16   0.002    7.81
P05913   8.729   1.087 8.37e-15 4.12e-15 1.85e-15  -0.000   -6.21
P03347   8.713   0.947 3.32e-15 1.85e-15 8.48e-16   0.000   -5.51
P04849   8.786   0.933 1.50e-17 1.61e-17 1.18e-17   0.001    3.67
P00194   8.834   0.779 4.07e-16 2.47e-16 1.17e-16  -0.000  -22.03
P06113   8.649   0.783 2.05e-13 1.17e-13 6.80e-14   0.003  -24.98
P02169   8.789   0.515 1.86e-17 1.76e-17 1.36e-17   0.001  -16.19
P05852   8.850   0.734 8.57e-17 6.37e-17 4.04e-17  -0.001  -15.76
P05760   8.722   0.835 9.76e-15 4.87e-15 2.18e-15   0.002    4.95
P00240   8.828   1.323 1.29e-15 6.82e-16 3.47e-16   0.002   -3.67
P00577   8.857   1.006 4.89e-15 2.58e-15 1.14e-15   0.001    3.41
P04642   8.886   0.939 7.24e-14 3.52e-14 1.68e-14   0.002   -5.69
P04684   8.727   0.709 1.40e-13 1.53e-13 1.30e-13  -0.000   -9.72
P04164   8.840   0.835 4.32e-15 1.97e-15 1.07e-15   0.000  -15.91
P03069   8.819   0.891 1.07e-16 8.03e-17 4.54e-17   0.002   -5.76
P00241   8.904   0.711 1.24e-13 1.29e-13 1.22e-13  -0.001  -17.33
P01944   8.889   0.889 1.24e-13 6.58e-14 3.32e-14  -0.000  -49.99
P02298   8.914   0.864 2.84e-17 2.64e-17 1.62e-17   0.002  -10.88
P05301   8.904   1.204 3.31e-16 2.40e-16 1.16e-16   0.001    1.68
P04804   8.935   0.703 6.92e-15 3.59e-15 1.64e-15   0.002   -8.47
P00837   8.834   1.021 1.05e-17 1.00e-17 8.08e-18  -0.000   -7.55
P02505   8.791   0.916 1.76e-15 9.45e-16 4.62e-16  -0.000  -22.18
P02553   8.942   1.040 5.29e-15 3.15e-15 1.28e-15   0.001   -8.70
P06010   8.919   0.797 2.04e-13 1.33e-13 7.41e-14   0.000  -17.65
P05508   8.769   0.609 4.78e-16 2.93e-16 1.75e-16   0.001  -13.97
P05213   9.002   0.878 1.91e-16 1.10e-16 6.22e-17   0.001  -11.08
P00380   9.016   0.882 2.90e-16 1.45e-16 9.85e-17   0.001  -12.75
P02499   8.964   0.639 1.57e-16 1.03e-16 6.15e-17   0.001   -9.84
P00165   9.094   0.880 1.73e-15 1.02e-15 5.01e-16   0.001   -7.56
P00030   8.913   0.827 1.15e-13 6.68e-14 3.02e-14   0.001  -11.44
P03367   8.903   0.963 1.52e-13 9.37e-14 4.88e-14   0.001   -7.36
P00275   8.958   0.396 1.23e-13 7.10e-14 3.53e-14  -0.000   -9.10
P00323   8.999   0.680 3.70e-16 2.46e-16 1.37e-16   0.002  -13.32
P03747   8.988   5.229 6.42e-12 2.91e-12 1.72e-12   0.039   -6.40
P06187   8.949   1.114 1.18e-13 1.38e-13 1.22e-13   0.001   -7.17
P02577   9.008   0.534 7.05e-16 4.64e-16 2.23e-16   0.001   -8.63
P03700   8.933   0.614 1.32e-16 9.75e-17 5.27e-17   0.001  -10.20
P02035   9.029   0.868 5.38e-15 2.74e-15 1.19e-15  -0.000  -19.82
P00565   9.115   0.578 1.73e-17 1.29e-17 1.01e-17  -0.000  -13.61
P01830   8.966   0.828 1.00e-13 5.27e-14 2.18e-14   0.001  -13.14
P06027   9.050   0.650 2.53e-17 2.19e-17 1.65e-17   0.001  -11.59
P02780   9.019   1.008 1.37e-17 1.21e-17 9.71e-18  -0.001   -7.30
P02650   9.034   0.265 7.36e-15 3.83e-15 1.86e-15   0.001  -12.79
P00535   8.993   0.835 1.16e-13 5.98e-14 2.86e-14   0.001  -14.65
P03588   8.964   2.006 2.10e-13 1.51e-13 9.36e-14   0.001   -3.82
P00105   9.147   0.792 1.06e-15 5.73e-16 3.05e-16   0.001   -8.28
P01138   8.978   1.093 1.14e-17 1.14e-17 8.76e-18   0.003  -19.81
P03805   9.075   0.880 6.10e-16 3.88e-16 2.00e-16  -0.000   -8.95
P05538   9.162   0.621 4.86e-15 2.35e-15 1.24e-15   0.003  -11.81
P03996   9.285   1.046 7.40e-15 4.05e-15 1.84e-15  -0.001   -9.93
P03803   9.183   0.826 1.73e-13 1.47e-13 8.44e-14   0.000   -7.74
P00828   9.343   0.471 3.89e-15 1.99e-15 8.67e-16  -0.001   -5.47
P00553   9.374   0.262 2.26e-15 9.99e-16 5.37e-16   0.000  -10.04
P01359   9.281   0.241 2.94e-15 1.47e-15 8.42e-16   0.002  -11.29
P00747   9.521   0.408 1.03e-14 5.08e-15 2.27e-15   0.001  -12.39
P00694   9.441   0.331 4.73e-16 2.82e-16 1.51e-16   0.000  -10.17
P05966   9.438   0.072 2.15e-15 1.15e-15 5.46e-16   0.002   -8.80
P01117   9.440   0.168 8.57e-14 6.13e-14 3.33e-14   0.001   -5.19
P04405   9.543   0.312 2.48e-16 1.59e-16 9.62e-17  -0.000  -11.54
P05357   9.429   0.156 2.44e-15 1.39e-15 6.40e-16   0.001   -7.85
P00307   9.516   0.394 8.17e-14 3.81e-14 1.87e-14   0.000  -10.33
P04878   9.442   0.098 3.71e-16 2.55e-16 1.43e-16   0.002  -11.21
P01933   9.627   0.310 9.60e-17 6.22e-17 4.18e-17   0.001   -8.69
P04741   9.506   1.322 1.12e-13 7.05e-14 3.72e-14   0.010   -7.36
P01549   9.683   0.080 2.76e-14 5.44e-14 8.40e-14   0.001   -9.12
P06006   9.738   0.050 1.50e-13 8.87e-14 4.33e-14   0.001  -11.14
P04310   9.767   0.125 2.20e-15 1.14e-15 5.18e-16   0.002  -10.26
P03025   9.718   0.312 5.36e-17 4.53e-17 2.75e-17  -0.000   -8.97
P03689   9.758   1.719 1.02e-17 1.09e-17 7.96e-18   0.002   -6.90
P00848   9.813   1.293 6.29e-17 5.17e-17 2.92e-17   0.001   -7.54
P03868   9.926   0.296 1.28e-13 9.65e-14 7.84e-14  -0.001   -4.33
P01204   9.966   1.305 4.36e-15 2.11e-15 9.82e-16   0.000   -6.79
P02818   9.860   0.063 5.12e-17 4.28e-17 2.80e-17   0.001   -8.54
P05971  10.051   0.183 4.09e-15 2.04e-15 8.87e-16   0.001   -8.46
P05713  10.228   1.117 6.12e-16 3.27e-16 1.56e-16   0.001   -6.39
P01382  10.302   0.629 1.79e-16 1.25e-16 6.89e-17   0.001   -3.94
P05497  10.268   0.597 4.22e-16 2.70e-16 1.35e-16  -0.001   -5.31
P06152  10.402   0.492 1.45e-17 1.40e-17 9.51e-18   0.002   -3.91
P04760  10.445   0.150 2.21e-15 1.13e-15 5.30e-16   0.001   -4.77
P02375  10.442   0.293 7.57e-17 5.75e-17 3.09e-17   0.001   -4.29
P02423  10.720   0.391 2.98e-14 5.18e-14 6.60e-14   0.001   -4.38
P03709  10.650   0.702 1.94e-16 1.27e-16 6.43e-17  -0.000   -3.38
P01870  10.750   0.766 2.18e-16 1.49e-16 7.54e-17  -0.001   -3.71
P02660  10.684   0.357 1.50e-15 8.01e-16 3.94e-16  -0.000   -5.36
P01492  10.707   0.258 8.13e-14 1.03e-13 8.07e-14   0.002   -3.54
P02479  10.689   1.105 1.28e-13 9.85e-14 6.85e-14   0.001   -2.25
P00070  10.671   0.578 4.05e-16 2.48e-16 1.35e-16   0.001   -2.97
P03115  10.759   0.518 4.00e-16 2.20e-16 1.18e-16   0.001   -4.01
P01911  10.766   0.152 3.63e-17 2.70e-17 1.97e-17   0.001   -6.38
P01372  10.805   0.683 6.78e-15 3.34e-15 1.37e-15   0.002   -2.87
P04514  10.690   0.956 5.93e-16 3.69e-16 1.83e-16   0.002   -5.23
P00045  10.772   0.886 6.82e-16 4.20e-16 2.32e-16   0.001   -3.12
P00049  10.884   0.450 5.20e-17 4.16e-17 2.50e-17   0.001   -5.18
P05672  10.821   0.436 1.62e-17 1.31e-17 1.04e-17   0.003   -4.42
P05989  10.911   0.394 1.21e-13 9.99e-14 7.78e-14   0.001   -4.84
P01688  10.901   0.298 7.47e-14 3.51e-14 1.63e-14   0.001   -3.07
P05515  11.034   0.495 5.07e-14 2.53e-14 1.14e-14   0.001   -5.73
P03488  10.962   0.578 1.66e-17 1.34e-17 9.99e-18  -0.001   -2.49
P00331  10.886   0.459 1.36e-13 1.01e-13 6.47e-14  -0.000   -5.25
P04558  10.905   0.506 2.61e-15 1.17e-15 6.06e-16   0.002   -5.13
P01851  10.965   0.165 5.77e-15 3.02e-15 1.19e-15   0.000   -6.79
P06015  10.988   0.905 3.77e-17 2.77e-17 1.87e-17   0.002   -6.39
P00646  11.056   0.754 6.37e-17 3.93e-17 2.61e-17   0.000   -2.08
P03237  11.051   0.703 7.20e-16 3.76e-16 1.84e-16   0.001   -6.94
P03313  11.025   0.701 3.51e-15 1.70e-15 7.45e-16   0.001   -4.41
P03280  11.021   1.099 2.69e-17 2.19e-17 1.63e-17   0.001   -7.26
P00998  10.957   0.831 7.91e-14 3.61e-14 1.91e-14   0.001   -1.49
P04570  11.142   0.526 2.04e-17 1.60e-17 1.21e-17   0.000   -4.04
P05739  11.114   0.331 4.18e-17 3.14e-17 2.14e-17  -0.000   -6.38
P03159  11.126   0.524 3.03e-15 1.47e-15 8.19e-16   0.001   -5.87
P04539  11.205   0.739 1.69e-17 1.53e-17 9.56e-18   0.000   -1.54
P05911  11.091   1.066 1.74e-16 1.10e-16 5.98e-17   0.002   -5.41
P03735  11.018   0.661 5.18e-16 3.38e-16 1.61e-16   0.001   -3.43
P04235  11.156   0.859 1.01e-17 9.58e-18 7.01e-18   0.001   -5.26
P01992  11.152   1.057 3.32e-15 1.89e-15 7.98e-16  -0.001   -6.58
P04493  11.187   0.755 1.06e-15 6.01e-16 3.07e-16   0.001   -0.06
P00460  11.197   0.840 2.27e-17 1.70e-17 1.40e-17   0.002   -4.23
P03194  11.134   0.820 3.35e-15 1.74e-15 7.92e-16   0.003    0.35
P02760  11.105   0.850 1.10e-15 5.99e-16 2.97e-16   0.001   -6.41
P00345  11.309   0.882 1.43e-15 8.37e-16 4.25e-16  -0.000   -6.89
P04234  11.226   0.724 1.15e-17 1.15e-17 7.53e-18  -0.001    0.27
P05812  11.192   1.068 9.39e-16 5.65e-16 2.62e-16   0.002   -6.22
P05973  11.207   0.408 5.49e-14 8.03e-14 8.12e-14   0.000   -5.45
P01768  11.095   0.910 6.10e-16 3.99e-16 1.98e-16   0.003    0.04
P00870  11.363   0.267 1.53e-15 7.33e-16 3.69e-16  -0.000   -4.84
P05958  11.148   0.961 2.17e-17 1.82e-17 1.22e-17  -0.000   -7.55
P00416  11.224   0.976 9.82e-17 7.77e-17 4.09e-17   0.001   -3.06
P04701  11.384   0.802 8.00e-17 6.05e-17 3.82e-17   0.000   -2.73
P01290  11.142   0.783 2.35e-15 1.44e-15 5.73e-16   0.002    1.57
P00910  11.247   0.834 2.93e-16 1.70e-16 8.49e-17   0.002   -5.26
P04669  11.322   0.901 8.34e-16 4.35e-16 2.35e-16   0.002    1.64
P02267  11.307   0.445 4.49e-16 2.43e-16 1.27e-16   0.002   -7.54
P00893  11.360   0.894 1.06e-16 7.76e-17 3.96e-17  -0.000    3.64
P01432  11.333   0.604 6.89e-14 3.72e-14 1.52e-14   0.002    0.87
P06082  11.319   0.830 1.11e-13 6.53e-14 3.15e-14   0.000    1.71
P05733  11.363   0.679 1.09e-17 1.03e-17 7.96e-18  -0.000   -1.09
P06229  11.235   0.744 5.13e-15 2.41e-15 9.81e-16   0.001    3.32
P00373  11.354   0.948 1.15e-13 6.39e-14 3.59e-14   0.000   -2.68
P00756  11.404   0.984 2.16e-15 1.07e-15 4.87e-16   0.001   -7.16
P03314  11.418   0.856 5.56e-16 3.48e-16 1.73e-16   0.001   -6.06
P00544  11.377   0.774 7.83e-14 4.42e-14 2.02e-14   0.001    3.93
P01928  11.294   0.833 2.88e-15 1.45e-15 7.14e-16   0.000    3.48
P04900  11.374   1.049 9.37e-14 5.53e-14 2.68e-14   0.000   -7.64
P04773  11.392   0.798 6.53e-17 4.76e-17 3.48e-17  -0.001   -6.90
P00110  11.413   1.123 2.60e-16 1.65e-16 9.01e-17  -0.000  -10.01
P02454  11.423   0.760 6.72e-17 5.61e-17 2.94e-17  -0.001    2.41
P00198  11.407   0.841 1.07e-17 1.20e-17 7.96e-18   0.000    2.04
P01725  11.483   0.630 9.80e-16 4.98e-16 2.64e-16  -0.000    2.97
P04093  11.431   0.876 4.99e-16 2.78e-16 1.32e-16   0.001    7.31
P01064  11.489   0.676 4.28e-17 3.38e-17 2.32e-17  -0.000   -6.99
P05675  11.521   0.686 1.10e-15 6.14e-16 3.38e-16   0.002   -1.41
P02157  11.450   0.926 2.76e-15 1.31e-15 6.75e-16   0.002   -6.36
P05445  11.404   0.707 7.06e-17 5.24e-17 3.42e-17   0.001   -4.72
P03563  11.413   0.665 7.99e-14 1.02e-13 8.71e-14   0.001   -7.45
P03426  11.491   0.914 7.30e-14 4.21e-14 1.79e-14   0.001   -6.82
P01531  11.463   0.911 6.25e-17 4.39e-17 2.87e-17   0.001  -34.96
P00945  11.426   0.928 4.68e-15 2.81e-15 1.16e-15  -0.001  -11.58
P03269  11.479   0.887 6.04e-17 4.68e-17 2.68e-17   0.001   -6.29
P02548  11.401   1.186 6.67e-16 4.21e-16 2.03e-16   0.000   -8.19
P01913  11.437   0.788 1.57e-16 1.08e-16 6.02e-17   0.002   15.88
P02525  11.527   1.986 7.29e-17 5.08e-17 3.40e-17   0.001   -7.78
P00532  11.395   0.768 3.71e-17 2.75e-17 1.78e-17   0.002   49.87
P02340  11.475   0.664 1.56e-16 9.38e-17 5.26e-17  -0.001   -7.03
P06172  11.435   1.042 7.63e-17 5.75e-17 3.66e-17   0.002   -7.98
P00800  11.406   0.796 2.67e-15 1.34e-15 5.37e-16   0.001   -7.92
P01946  11.373   0.483 1.07e-13 6.66e-14 3.29e-14   0.001   -7.65
P03718  11.487   0.619 6.79e-16 3.90e-16 1.99e-16   0.001   -7.64
P02652  11.456   0.726 2.92e-16 1.90e-16 1.19e-16   0.000   -8.06
P02353  11.518   0.710 1.23e-16 7.85e-17 4.76e-17   0.001   -7.69
P05994  11.619   0.963 2.51e-17 2.10e-17 1.53e-17  -0.001   -8.63
P01422  11.465   0.689 3.77e-17 3.58e-17 2.36e-17  -0.001   -7.70
P01983  11.389   1.386 7.60e-14 9.83e-14 8.79e-14   0.001   -8.11
P01575  11.518   0.955 3.27e-15 1.55e-15 7.08e-16  -0.001   -8.68
P04734  11.592   0.879 4.54e-14 2.43e-14 1.22e-14   0.001  -26.47
P03413  11.562   0.847 5.39e-15 1.50e-14 3.65e-14   0.003  -15.13
P05768  11.426   1.138 2.16e-16 1.73e-16 7.85e-17  -0.000  -11.48
P00815  11.634   0.790 1.91e-17 1.77e-17 1.15e-17   0.002  -10.29
P02938  11.544   0.751 1.05e-13 9.84e-14 7.31e-14   0.001   -7.95
P05456  11.590   0.834 5.24e-15 2.32e-15 1.10e-15   0.001  -20.32
P06216  11.568   0.774 1.44e-15 8.26e-16 3.89e-16   0.001  -22.42
P02542  11.576   0.773 6.89e-15 3.89e-15 1.67e-15   0.001   -8.82
P00518  11.687   0.914 1.29e-17 1.03e-17 7.51e-18   0.002  -14.69
P01516  11.513   0.734 1.85e-16 1.21e-16 6.62e-17   0.002  -12.99
P04357  11.651   0.973 2.51e-16 1.51e-16 8.85e-17   0.002  -13.45
P03814  11.564   0.970 6.01e-17 5.30e-17 3.01e-17   0.002  -10.41
P00624  11.674   0.833 8.77e-14 9.38e-14 7.93e-14   0.002   -9.80
P02754  11.596   0.392 3.67e-17 2.98e-17 1.87e-17   0.000   -7.46
P01174  11.545   0.745 6.11e-16 4.11e-16 1.87e-16   0.001  -13.04
P05088  11.698   0.876 9.61e-17 6.36e-17 3.85e-17  -0.000  -17.28
P03264  11.679   0.956 3.57e-16 2.27e-16 1.21e-16   0.000   -9.85
P02483  11.619   1.010 7.77e-14 4.30e-14 2.03e-14  -0.001  -10.17
P01959  11.725   1.168 8.47e-17 6.52e-17 3.98e-17   0.000   -8.53
P02040  11.596   1.017 4.09e-15 2.38e-15 1.05e-15   0.001  -11.85
P03362  11.618   0.723 1.98e-15 1.00e-15 5.68e-16   0.004  -10.30
P04870  11.729   0.900 5.99e-17 5.04e-17 2.76e-17   0.000  -16.29
P00536  11.737   1.207 4.49e-15 2.03e-15 9.63e-16   0.003   -8.74
P02996  11.567   0.454 2.18e-15 1.07e-15 5.40e-16   0.002   -8.50
P01287  11.671   0.823 3.45e-15 1.61e-15 7.31e-16   0.001   -9.13
P00233  11.694   0.338 7.82e-17 5.72e-17 3.41e-17  -0.001   -8.03
P02635  11.678   0.662 6.24e-17 5.25e-17 3.05e-17  -0.000  -11.54
P04600  11.778   0.756 3.36e-17 2.46e-17 1.55e-17   0.001  -10.34
P00340  11.744   0.962 1.18e-16 9.02e-17 4.49e-17   0.001   -9.43
P00602  11.784   1.133 1.43e-16 9.96e-17 5.55e-17  -0.000  -10.18
P01340  11.713   0.998 1.00e-13 6.63e-14 2.99e-14   0.001  -15.24
P02241  11.860   0.856 1.22e-13 8.27e-14 4.41e-14   0.000  -15.40
P03705  11.753   0.911 6.57e-16 3.77e-16 1.83e-16  -0.000  -13.56
P05420  11.738   1.026 1.12e-15 6.12e-16 3.08e-16   0.003  -13.22
P03907  11.682   0.893 7.66e-17 5.94e-17 3.71e-17   0.001  -11.55
P04494  11.922   0.687 7.56e-14 4.85e-14 1.97e-14   0.001   -8.35
P02123  11.822   0.735 1.43e-13 7.18e-14 3.99e-14   0.002  -15.48
P03354  11.824   0.751 7.81e-16 4.68e-16 2.02e-16   0.000  -16.04
P05965  11.867   1.056 1.10e-13 7.14e-14 3.54e-14   0.001  -11.68
P00212  11.931   1.005 6.72e-17 5.60e-17 3.30e-17   0.001  -14.20
P02725  11.818   0.769 1.39e-13 7.24e-14 4.08e-14   0.001  -13.67
P05439  11.820   0.993 1.15e-15 6.35e-16 3.00e-16  -0.001  -12.54
P02330  11.845   0.683 8.44e-17 5.75e-17 3.51e-17   0.001   -8.58
P03435  11.921   1.049 1.05e-13 7.20e-14 3.46e-14   0.001  -12.63
P00261  11.958   1.021 4.04e-15 2.05e-15 9.41e-16   0.002  -13.85
P03139  11.925   0.366 1.13e-16 7.60e-17 4.77e-17   0.001   -8.32
P01462  12.104   0.907 2.24e-16 1.28e-16 7.50e-17  -0.000  -10.05
P05499  12.096   0.824 2.74e-17 2.47e-17 1.45e-17   0.001   -9.54
P00150  12.191   0.692 4.44e-16 2.42e-16 1.30e-16   0.000  -11.52
P01989  11.902   0.722 3.13e-15 1.04e-14 2.99e-14  -0.002   -8.63
P05761  11.967   1.085 1.02e-17 8.47e-18 6.98e-18   0.001  -10.93
P03008  12.117   1.483 6.54e-17 5.70e-17 3.14e-17   0.002  -12.42
P00032  12.050   1.156 3.02e-16 1.62e-16 8.69e-17   0.001  -11.01
P02269  12.176   1.287 5.57e-15 2.62e-15 1.23e-15   0.001  -10.47
P06222  12.269   1.155 6.20e-14 3.34e-14 1.32e-14   0.001  -12.53
P05369  12.308   0.890 1.65e-17 1.33e-17 1.03e-17   0.003  -10.82
P05435  12.327   0.952 5.11e-14 2.58e-14 1.38e-14   0.003  -11.98
P04303  12.292   1.136 3.00e-16 2.00e-16 1.12e-16   0.001  -12.22
P04160  12.288   0.975 2.27e-15 1.34e-15 5.54e-16   0.000  -11.32
P05806  12.234   1.097 3.13e-16 1.73e-16 1.07e-16  -0.001  -11.32
P00120  12.368   1.096 1.23e-17 1.09e-17 8.09e-18   0.000  -12.18
P05221  12.409   1.557 7.26e-14 3.92e-14 1.73e-14   0.002  -11.12
P05253  12.450   0.490 1.13e-16 8.94e-17 4.55e-17  -0.001   -8.83
P00764  12.580   0.670 2.65e-17 2.04e-17 1.36e-17   0.001  -10.17
P01243  12.598   1.357 6.82e-14 3.58e-14 1.65e-14   0.001  -10.60
P03076  12.541   1.356 1.19e-13 6.95e-14 3.10e-14   0.000  -11.25
P02424  12.728   1.450 6.62e-15 3.42e-15 1.57e-15   0.001  -11.23
P04039  12.695   1.003 1.32e-15 7.81e-16 3.94e-16  -0.001   -9.31
P03279  12.826   1.565 2.25e-17 1.72e-17 1.12e-17  -0.002  -11.42
P02134  13.011   1.347 4.14e-16 2.70e-16 1.44e-16  -0.000  -11.31
P01493  13.135   0.933 4.62e-17 3.86e-17 1.95e-17   0.002   -9.90
P01277  13.103   1.566 3.43e-16 2.14e-16 1.12e-16   0.001  -10.90
P04204  13.315   1.113 5.14e-16 3.13e-16 1.46e-16  -0.001   -9.56
P01337  13.320   1.399 7.16e-15 3.59e-15 1.54e-15   0.000  -10.97
P01093  13.621   0.814 1.90e-17 1.60e-17 1.08e-17  -0.000   -9.58
P05572  13.935   2.967 1.24e-17 1.27e-17 8.49e-18   0.002   -8.93
P02265  14.028   1.713 1.24e-13 7.18e-14 3.98e-14   0.000  -10.70
P02494  14.178   1.599 2.90e-16 1.80e-16 8.77e-17   0.002  -10.33
P01622  14.413   2.031 8.29e-16 4.40e-16 2.52e-16  -0.001  -10.24
P01621  14.596   2.668 3.69e-17 2.96e-17 1.80e-17   0.001   -9.73
P00017  14.641   1.422 5.50e-17 3.84e-17 2.26e-17   0.002  -10.07
P00573  14.686   1.430 6.41e-16 3.58e-16 1.76e-16   0.002   -9.79
P04188  14.883   1.917 9.32e-16 5.26e-16 2.51e-16   0.001  -10.28
P01176  14.957   1.528 1.49e-17 1.20e-17 9.18e-18   0.000   -9.89
