x y flux0 flux1 flux2 width rv
-38.172  44.738 1.77e-17 1.22e-17 7.80e-18 16.64 -2304.21
-38.147  44.967 1.80e-17 1.19e-17 8.09e-18 16.07 -2304.22
-38.116  44.987 1.94e-17 1.45e-17 9.42e-18 16.28 -2304.41
-38.113  44.750 1.81e-17 1.31e-17 8.69e-18 15.51 -2304.56
-38.098  44.972 1.68e-17 1.27e-17 8.30e-18 19.80 -2304.31
-38.094  44.966 1.65e-17 1.15e-17 8.02e-18 18.63 -2304.16
-38.076  44.967 1.67e-17 1.23e-17 7.74e-18 13.38 -2304.27
-38.075  44.949 1.91e-17 1.44e-17 9.76e-18 11.41 -2304.54
-38.073  44.946 2.06e-17 1.47e-17 9.20e-18 22.32 -2304.30
-38.070  44.960 1.93e-17 1.55e-17 9.85e-18 11.22 -2304.16
-38.070  44.958 1.68e-17 1.28e-17 8.08e-18 21.32 -2304.38
-38.069  44.952 2.24e-17 1.61e-17 1.19e-17 14.50 -2304.26
-38.069  44.947 2.04e-17 1.61e-17 1.01e-17 11.78 -2304.34
-38.063  44.950 1.40e-17 1.02e-17 7.08e-18 11.42 -2304.33
-38.062  44.963 1.74e-17 1.27e-17 8.40e-18 12.87 -2304.14
-38.057  44.921 1.54e-17 1.19e-17 7.77e-18 22.15 -2304.09
-38.047  44.883 1.95e-17 1.43e-17 9.39e-18 17.40 -2304.34
-37.996  44.959 2.21e-17 1.63e-17 1.05e-17 13.16 -2304.18
-37.984  44.903 2.39e-17 1.64e-17 1.10e-17 11.66 -2304.24
-37.937  44.907 1.70e-17 1.16e-17 8.06e-18 18.38 -2304.21
-37.905  44.965 1.93e-17 1.40e-17 9.92e-18 19.34 -2304.19
-30.136  34.570 1.97e-17 1.45e-17 9.41e-18 10.64 -2522.22
-30.001  34.733 1.47e-17 1.07e-17 7.46e-18 15.15 -2522.05
