x y flux0 flux1 flux2 width rv
 22.596  39.551 3.11e-17 1.95e-17 1.44e-17 24.97 -1742.73
 22.717  39.760 3.78e-17 2.59e-17 2.09e-17 17.13 -1742.98
 22.786  39.475 3.62e-17 2.67e-17 1.71e-17 27.74 -1743.04
 22.788  39.601 2.93e-17 1.90e-17 1.39e-17 27.68 -1742.93
 22.801  39.485 3.14e-17 2.57e-17 1.48e-17 16.92 -1743.10
 22.819  39.626 3.73e-17 2.72e-17 2.05e-17 25.96 -1742.79
 22.858  39.562 3.63e-17 2.59e-17 1.81e-17 22.01 -1742.85
 22.858  39.534 3.02e-17 2.17e-17 1.52e-17 17.54 -1743.19
 22.867  39.592 3.44e-17 2.36e-17 1.71e-17 23.64 -1743.24
 22.910  39.618 3.26e-17 2.58e-17 1.49e-17 21.09 -1742.97
 22.914  39.632 3.42e-17 2.36e-17 1.69e-17 30.81 -1742.83
 22.929  39.602 3.72e-17 2.48e-17 1.67e-17 16.50 -1742.85
 22.941  39.570 3.08e-17 2.55e-17 1.47e-17 24.95 -1742.80
 22.944  39.571 3.24e-17 2.28e-17 1.54e-17 16.58 -1742.89
 22.945  39.564 3.72e-17 2.47e-17 1.79e-17 16.39 -1742.95
 22.956  39.602 3.24e-17 2.19e-17 1.54e-17 22.41 -1743.05
 22.969  39.597 2.83e-17 2.39e-17 1.66e-17 14.91 -1742.88
 22.976  39.665 3.23e-17 2.00e-17 1.60e-17 27.11 -1743.14
 22.981  39.564 2.81e-17 1.79e-17 1.20e-17 21.30 -1742.90
 23.018  39.596 2.39e-17 2.15e-17 1.28e-17 13.91 -1742.78
 24.242  42.541 4.81e-17 3.01e-17 1.86e-17 15.82 -1556.06
 24.283  42.376 3.97e-17 3.11e-17 1.99e-17 19.76 -1556.07
 24.364  42.494 3.67e-17 3.16e-17 1.79e-17 22.02 -1556.09
 24.377  42.469 3.79e-17 3.00e-17 1.97e-17 20.30 -1556.14
 24.401  42.469 3.10e-17 2.16e-17 1.48e-17 25.86 -1556.26
 24.407  42.539 3.68e-17 2.88e-17 2.03e-17 25.41 -1556.18
 24.416  42.504 4.80e-17 3.45e-17 2.14e-17 30.58 -1556.07
 24.427  42.521 3.61e-17 2.90e-17 1.91e-17 20.82 -1556.19
 24.436  42.498 4.15e-17 2.75e-17 1.80e-17 17.34 -1556.08
 24.438  42.493 4.54e-17 3.92e-17 2.24e-17 22.70 -1555.98
 24.494  42.544 3.61e-17 2.43e-17 1.89e-17 19.85 -1556.12
 24.501  42.534 4.43e-17 2.87e-17 2.26e-17 20.13 -1556.09
 24.517  42.629 3.94e-17 3.17e-17 2.03e-17 16.41 -1556.15
 24.529  42.567 2.98e-17 2.02e-17 1.46e-17 28.78 -1555.93
 24.530  42.550 3.44e-17 2.26e-17 1.53e-17 29.11 -1555.98
 24.564  42.733 3.52e-17 2.72e-17 1.65e-17 19.46 -1556.05
 24.631  42.373 4.55e-17 3.69e-17 2.15e-17 29.07 -1556.27
