name x y flux1 flux2 flux3 par rv
P03140  15.186  38.367 1.64e-17 1.30e-17 9.14e-18  -0.001   -1.17
P01812  15.340  35.115 1.75e-15 8.48e-16 4.06e-16  -0.000   -1.94
P02607  15.308  36.886 4.46e-14 2.35e-14 1.06e-14   0.000   -1.97
P05270  15.554  34.500 3.86e-14 2.14e-14 8.80e-15   0.000   -1.90
P02798  15.720  35.070 3.93e-15 1.30e-14 2.51e-14   0.002   -1.93
P03068  15.788  37.446 5.57e-14 2.90e-14 1.37e-14   0.000   -1.83
P04969  15.972  36.229 1.06e-15 5.77e-16 2.63e-16  -0.002   -2.11
P02854  16.019  35.775 8.38e-16 4.73e-16 2.27e-16   0.001   -2.07
P05326  16.228  36.564 4.94e-15 2.76e-15 1.13e-15  -0.000   -2.10
P03556  16.333  34.752 2.00e-17 1.56e-17 1.08e-17  -0.001   -2.14
P04740  16.492  39.832 1.81e-17 1.46e-17 9.86e-18  -0.000   -0.93
P04667  16.669  32.593 4.92e-16 2.84e-15 9.87e-15   0.000   -2.40
P04894  16.550  38.271 1.49e-15 8.15e-16 3.76e-16  -0.000   -1.58
P01209  16.643  35.493 6.33e-16 3.37e-16 1.67e-16  -0.001   -2.18
P03752  16.793  35.874 8.91e-14 5.75e-14 3.17e-14   0.001   -2.18
P05514  17.024  35.708 1.54e-16 1.04e-16 5.65e-17   0.000   -2.19
P04421  17.102  35.872 2.96e-15 1.61e-15 6.98e-16  -0.001   -2.26
P06228  17.192  33.992 8.29e-14 5.61e-14 3.03e-14   0.000   -2.33
P00443  17.244  34.108 3.40e-14 1.77e-14 8.39e-15   0.001   -2.39
P00528  17.338  37.207 9.23e-14 7.16e-14 3.92e-14   0.002   -2.05
P00274  17.364  35.408 4.31e-15 2.37e-15 1.03e-15   0.001   -2.35
P05114  17.466  36.968 9.63e-17 6.85e-17 3.64e-17   0.002   -2.06
P02552  18.595  39.086 4.81e-14 2.64e-14 1.27e-14   0.002   -1.64
P05127  18.843  31.456 1.68e-17 1.46e-17 9.51e-18  -0.001   -3.07
P01445  19.060  36.992 2.17e-17 1.72e-17 1.21e-17   0.001   -2.24
P00041  19.471  41.996 1.58e-16 1.05e-16 5.91e-17  -0.000   -0.81
P01709  19.875  36.033 5.40e-14 6.65e-14 5.79e-14   0.002   -2.55
P05436  20.291  34.452 8.21e-16 4.93e-16 2.26e-16   0.002   -2.79
P02201  22.439  40.985 4.73e-14 2.53e-14 1.11e-14   0.000   -1.73
P03017  26.031  36.380 3.22e-15 1.55e-15 7.56e-16   0.001   -3.40
