x y flux0 flux1 flux2 width rv
 23.967  -5.732 2.12e-17 1.77e-17 1.22e-17 17.03 -1778.47
 24.064  -5.809 2.29e-17 1.95e-17 1.32e-17 24.74 -1778.56
 24.246  -5.552 3.89e-17 2.81e-17 1.51e-17 17.76 -1778.34
 24.250  -5.680 3.71e-17 2.16e-17 2.11e-17 15.08 -1778.31
 24.266  -5.562 1.90e-17 1.53e-17 1.39e-17 13.33 -1778.40
 24.267  -5.734 3.10e-17 2.40e-17 2.16e-17 22.92 -1778.60
 24.280  -5.799 3.78e-17 2.91e-17 1.79e-17 15.28 -1778.54
 24.280  -5.652 3.27e-17 2.78e-17 1.78e-17 21.89 -1778.33
 24.288  -5.716 2.96e-17 2.23e-17 1.50e-17 20.66 -1778.49
 24.318  -5.729 3.06e-17 2.28e-17 1.60e-17 22.76 -1778.40
 24.336  -5.671 3.71e-17 2.30e-17 1.84e-17 22.64 -1778.43
 24.361  -5.534 3.50e-17 3.03e-17 1.84e-17 21.17 -1778.34
 24.362  -5.822 2.40e-17 1.85e-17 9.20e-18 14.77 -1778.48
 24.367  -5.971 3.44e-17 2.43e-17 2.38e-17 18.50 -1778.46
 24.371  -5.679 2.59e-17 1.78e-17 1.26e-17 20.44 -1778.44
 24.372  -5.684 3.03e-17 1.94e-17 1.60e-17 26.07 -1778.40
 24.378  -5.677 3.34e-17 2.62e-17 1.79e-17 23.32 -1778.54
 24.381  -5.802 3.29e-17 2.53e-17 1.83e-17 17.08 -1778.47
 24.388  -5.780 3.76e-17 2.88e-17 1.87e-17 16.63 -1778.45
 24.417  -5.652 2.52e-17 2.26e-17 1.32e-17 12.90 -1778.34
 24.418  -5.733 4.04e-17 2.79e-17 1.25e-17 16.30 -1778.37
 24.448  -5.787 3.16e-17 3.08e-17 1.81e-17 12.31 -1778.61
 24.452  -5.769 3.47e-17 2.27e-17 1.36e-17 13.36 -1778.44
 24.464  -5.667 3.53e-17 1.64e-17 1.18e-17 20.35 -1778.41
 24.465  -5.563 2.85e-17 2.42e-17 1.33e-17 22.99 -1778.47
 24.504  -5.830 2.50e-17 1.47e-17 1.23e-17 15.97 -1778.29
 24.645  -6.367 3.65e-17 3.65e-17 1.78e-17 13.87 -1778.36
 24.837  -5.709 2.72e-17 2.59e-17 1.48e-17 20.00 -1778.43
