x y flux0 flux1 flux2 width rv
 35.564  19.734 2.51e-16 1.41e-16 9.91e-17 47.19 -617.74
 35.817  19.188 2.82e-16 1.86e-16 1.30e-16 67.11 -617.75
 35.823  19.685 2.85e-16 1.90e-16 1.25e-16 52.18 -617.48
 35.824  19.305 2.65e-16 2.05e-16 1.16e-16 47.58 -617.84
 35.854  19.193 2.37e-16 1.56e-16 1.06e-16 48.46 -617.87
 35.855  19.238 2.03e-16 1.65e-16 1.15e-16 47.59 -617.66
 35.870  19.286 2.49e-16 1.59e-16 1.25e-16 57.74 -617.83
 35.902  19.200 2.54e-16 2.03e-16 1.14e-16 32.56 -617.74
 35.928  19.182 2.47e-16 1.60e-16 1.09e-16 65.88 -617.83
 35.934  19.199 3.22e-16 2.04e-16 1.27e-16 48.73 -617.75
 35.943  18.547 2.35e-16 1.73e-16 1.41e-16 45.84 -617.96
 35.948  19.274 1.90e-16 1.29e-16 1.12e-16 42.48 -617.92
 35.975  19.147 2.72e-16 1.97e-16 1.28e-16 71.95 -617.79
 36.012  19.186 2.66e-16 1.60e-16 1.25e-16 48.20 -617.89
 36.019  18.987 2.84e-16 1.86e-16 1.44e-16 49.45 -617.76
 36.030  18.900 3.54e-16 2.24e-16 1.55e-16 65.51 -617.90
 36.130  18.513 2.89e-16 2.00e-16 1.71e-16 42.45 -618.02
