name x y flux1 flux2 flux3 par rv
P03176 -44.872  35.810 6.36e-16 6.98e-16 6.38e-16   0.010   16.37
P00943 -44.276  35.367 9.07e-15 6.87e-15 3.92e-15   0.007   16.47
P02581 -42.281  35.967 1.99e-11 1.24e-11 7.01e-12   0.011   16.70
P02641 -42.073  36.846 2.20e-14 2.11e-14 1.62e-14   0.038   16.53
P01002 -40.388  36.985 9.71e-15 1.02e-14 7.92e-15   0.030   16.71
P03482 -40.186  31.527 2.01e-10 1.17e-10 5.70e-11   0.031   16.45
P01214 -37.773  37.512 2.60e-11 1.33e-11 6.45e-12   0.015   17.05
P04047 -36.139  37.622 1.57e-15 1.30e-15 8.58e-16   0.006   17.22
P01388 -35.383  31.792 2.10e-13 1.28e-13 6.72e-14   0.014   16.93
P01585 -30.414  36.446 1.76e-15 8.52e-16 3.82e-16   0.020   17.38
