x y flux0 flux1 flux2 width rv
-33.993   7.867 7.49e-17 4.59e-17 2.63e-17 24.83 -1270.76
-33.978   7.791 4.49e-17 2.87e-17 2.14e-17 36.68 -1270.97
-33.931   7.864 5.33e-17 4.82e-17 2.69e-17 32.79 -1270.69
-33.928   7.858 6.64e-17 4.66e-17 3.30e-17 35.74 -1270.84
-33.925   7.874 6.58e-17 5.20e-17 4.30e-17 30.28 -1270.94
-33.919   7.867 4.99e-17 2.92e-17 2.01e-17 28.32 -1270.93
-33.916   7.856 7.79e-17 5.05e-17 3.52e-17 23.23 -1270.63
-33.916   7.860 6.21e-17 4.33e-17 3.50e-17 25.80 -1270.77
-33.916   7.846 6.65e-17 5.73e-17 2.81e-17 27.91 -1270.74
-33.916   7.936 5.71e-17 4.91e-17 3.48e-17 35.23 -1270.69
-33.913   7.856 6.92e-17 4.98e-17 2.57e-17 22.93 -1270.87
-33.912   7.854 4.27e-17 4.48e-17 2.64e-17 31.73 -1270.85
-33.910   7.868 6.34e-17 4.30e-17 2.86e-17 32.24 -1270.96
-33.907   7.828 6.64e-17 4.92e-17 3.83e-17 23.68 -1270.80
-33.899   7.858 6.93e-17 3.78e-17 2.88e-17 27.20 -1271.00
-33.880   7.874 6.39e-17 4.60e-17 3.55e-17 20.98 -1271.05
-33.876   7.846 5.31e-17 3.64e-17 2.69e-17 19.65 -1270.67
-33.871   7.835 6.15e-17 4.49e-17 3.02e-17 30.51 -1270.84
-33.861   7.847 7.01e-17 3.43e-17 2.96e-17 24.12 -1270.80
-33.815   7.635 5.00e-17 4.16e-17 3.12e-17 30.74 -1270.95
-33.811   7.784 6.41e-17 4.08e-17 2.76e-17 26.10 -1270.88
-33.740   7.845 6.17e-17 4.75e-17 3.40e-17 26.58 -1270.91
