x y flux0 flux1 flux2 width rv
-27.887  44.724 4.20e-17 2.85e-17 2.02e-17 25.41 -1644.26
-27.766  44.663 3.86e-17 2.97e-17 1.99e-17 25.16 -1644.20
-27.752  44.481 3.08e-17 2.20e-17 1.45e-17 13.65 -1644.05
-27.745  44.560 2.66e-17 1.93e-17 1.26e-17 20.92 -1644.00
-27.743  44.579 3.63e-17 2.80e-17 1.76e-17 23.73 -1644.03
-27.734  44.587 3.98e-17 2.77e-17 1.99e-17 15.68 -1643.89
-27.733  44.573 3.27e-17 2.49e-17 1.72e-17 23.64 -1644.14
-27.729  44.582 4.21e-17 3.29e-17 2.20e-17 22.07 -1644.14
-27.729  44.576 3.96e-17 2.69e-17 1.75e-17 27.83 -1644.00
-27.729  44.569 3.22e-17 2.46e-17 1.66e-17 20.75 -1644.00
-27.726  44.572 3.11e-17 2.33e-17 1.55e-17 15.50 -1644.10
-27.726  44.585 3.06e-17 2.38e-17 1.62e-17 22.43 -1644.13
-27.724  44.726 4.06e-17 2.62e-17 1.80e-17 15.99 -1644.08
-27.723  44.569 3.75e-17 2.68e-17 1.95e-17 19.40 -1644.17
-27.719  44.559 3.24e-17 2.26e-17 1.62e-17 15.01 -1644.00
-27.718  44.559 3.50e-17 2.95e-17 1.72e-17 26.99 -1643.85
-27.717  44.563 3.45e-17 2.31e-17 1.75e-17 17.73 -1644.10
-27.714  44.493 3.43e-17 2.50e-17 1.71e-17 19.89 -1643.95
-27.714  44.547 3.65e-17 2.71e-17 1.88e-17 19.07 -1644.09
-27.706  44.572 2.77e-17 1.98e-17 1.39e-17 25.53 -1643.98
-27.704  44.560 3.52e-17 2.38e-17 1.72e-17 16.41 -1644.03
-27.695  44.572 3.61e-17 2.89e-17 1.85e-17 17.27 -1643.96
-27.690  44.534 4.70e-17 3.45e-17 2.30e-17 14.49 -1644.01
-27.688  44.583 3.18e-17 2.44e-17 1.53e-17 22.39 -1644.16
-27.663  44.461 3.34e-17 2.23e-17 1.53e-17 24.56 -1644.16
-27.632  44.670 3.47e-17 2.57e-17 1.62e-17 20.99 -1644.11
