name x y flux1 flux2 flux3 par rv
P01775 -24.758  14.993 1.18e-13 1.01e-13 6.78e-14   0.001    4.42
P04752 -24.419  14.889 6.76e-15 3.29e-15 1.61e-15   0.000    3.80
P01137 -24.148  14.749 6.38e-14 3.41e-14 1.53e-14   0.001    3.70
P04671 -24.182  14.411 1.45e-15 8.78e-16 3.74e-16  -0.000    3.25
P02438 -24.050  14.557 1.95e-16 1.27e-16 7.68e-17   0.001    3.63
P03231 -23.142  14.712 8.08e-16 4.68e-16 2.14e-16  -0.001    2.84
P00903 -23.132   0.948 7.13e-16 4.10e-16 1.95e-16   0.001    0.79
P02352 -22.938  14.961 9.87e-14 5.70e-14 2.88e-14   0.001    2.71
P03554 -22.693  14.409 4.31e-15 2.00e-15 9.39e-16   0.001    2.37
P03645 -22.600  14.597 2.28e-16 1.30e-16 7.83e-17   0.002    2.28
P03668 -22.539  14.961 6.46e-14 3.40e-14 1.58e-14   0.001    1.31
P04181 -21.994  14.880 7.13e-17 5.22e-17 2.93e-17   0.001    0.94
P02923 -21.659  14.982 1.31e-15 6.70e-16 3.32e-16   0.001    0.77
P03254 -21.516  14.521 4.64e-14 2.40e-14 1.19e-14   0.002    1.48
P03634 -21.405  14.959 8.52e-15 3.77e-15 1.83e-15   0.001   -0.66
P05756 -20.869   0.911 5.09e-14 3.46e-14 2.08e-14  -0.000    0.06
P02460 -20.644   0.109 2.90e-17 2.33e-17 1.34e-17   0.000    0.26
P05505 -20.540  14.852 1.21e-13 8.95e-14 7.50e-14   0.000    0.52
P01701 -20.454  14.555 2.71e-16 2.01e-16 1.00e-16  -0.001    0.47
P04311 -20.454  14.634 6.47e-15 3.31e-15 1.52e-15   0.002    0.30
P05161 -20.393   0.036 2.31e-16 1.26e-16 7.21e-17  -0.001    0.17
P01998 -20.071  14.848 1.05e-16 7.34e-17 4.37e-17  -0.000   -0.29
P04731 -19.905   0.657 4.87e-14 3.58e-14 1.84e-14  -0.001   -0.45
P05018 -19.231   0.163 1.86e-14 9.74e-15 4.44e-15   0.001   -1.06
P02493 -18.866   0.312 1.93e-14 1.10e-14 4.85e-15   0.000   -1.14
P01048 -18.749  14.765 1.51e-17 1.35e-17 1.01e-17  -0.000   -0.08
P02022 -18.785   0.074 2.19e-15 1.05e-15 5.28e-16   0.001   -1.59
P02708 -18.484  12.879 8.18e-17 6.31e-17 3.34e-17   0.000    2.25
P06040 -18.098   0.229 1.41e-16 8.03e-17 4.27e-17  -0.000   -2.10
P01343 -17.509   0.108 3.69e-14 2.29e-14 1.28e-14   0.000   -2.92
P05308 -17.299  14.649 2.86e-16 1.94e-15 7.99e-15   0.002   -0.30
P04288 -17.110   0.112 1.24e-15 5.87e-16 2.97e-16   0.001   -3.05
P05495 -15.323  13.966 1.06e-13 8.67e-14 6.57e-14   0.001   -0.32
