x y flux0 flux1 flux2 width rv
  5.408  27.306 1.08e-16 7.29e-17 5.52e-17 37.04 -938.43
  5.467  27.110 1.23e-16 7.81e-17 5.95e-17 17.56 -938.46
  5.589  26.849 9.55e-17 6.91e-17 4.64e-17 24.63 -938.61
  5.653  27.008 1.23e-16 8.90e-17 6.56e-17 50.62 -938.43
  5.660  27.156 8.25e-17 6.72e-17 4.44e-17 39.56 -938.62
  5.676  26.963 9.79e-17 6.35e-17 4.42e-17 38.61 -938.54
  5.680  26.996 1.07e-16 7.23e-17 5.39e-17 44.31 -938.56
  5.688  27.086 1.52e-16 1.04e-16 6.04e-17 36.04 -938.44
  5.704  27.060 1.03e-16 7.59e-17 4.40e-17 35.91 -938.47
  5.706  27.112 8.90e-17 6.37e-17 4.19e-17 41.62 -938.24
  5.715  27.120 1.14e-16 7.86e-17 6.05e-17 39.67 -938.45
  5.716  27.293 1.33e-16 9.19e-17 5.49e-17 55.93 -938.24
  5.727  27.132 8.83e-17 6.79e-17 3.89e-17 33.93 -938.35
  5.729  26.984 1.09e-16 8.23e-17 5.35e-17 42.00 -938.31
  5.731  27.137 1.20e-16 7.55e-17 5.76e-17 37.75 -938.27
  5.749  27.119 9.36e-17 7.35e-17 4.45e-17 36.44 -938.31
  5.760  27.150 9.48e-17 7.19e-17 4.87e-17 31.22 -938.51
  5.764  27.011 9.08e-17 8.41e-17 5.14e-17 30.84 -938.45
  5.765  27.102 1.03e-16 6.74e-17 4.92e-17 38.23 -938.49
  5.801  27.180 8.89e-17 5.75e-17 3.59e-17 33.80 -938.26
  5.878  27.292 1.20e-16 8.99e-17 6.90e-17 39.97 -938.53
  5.895  27.079 9.20e-17 6.54e-17 5.15e-17 39.61 -938.47
  6.423  26.712 1.17e-16 8.30e-17 4.80e-17 40.19 -938.23
  6.504  19.695 2.43e-16 1.68e-16 1.08e-16 35.95 -728.28
  7.094  19.957 1.08e-16 8.46e-17 7.01e-17 37.18 -728.28
  7.234  20.327 1.69e-16 1.19e-16 8.19e-17 55.35 -728.13
  7.667  20.308 1.82e-16 1.10e-16 9.14e-17 18.76 -728.17
  7.723  20.843 1.76e-16 1.37e-16 8.89e-17 50.38 -728.11
  7.728  20.324 1.09e-16 8.80e-17 6.79e-17 39.53 -728.14
  7.737  20.417 1.43e-16 1.04e-16 7.52e-17 38.52 -728.28
  7.769  20.323 2.50e-16 1.68e-16 1.35e-16 38.89 -728.20
  7.771  20.391 1.67e-16 1.27e-16 8.13e-17 50.17 -728.26
  7.780  20.590 1.37e-16 1.20e-16 8.03e-17 29.98 -728.16
  7.785  20.357 1.96e-16 1.57e-16 9.99e-17 42.37 -728.11
  7.794  20.338 1.60e-16 1.03e-16 8.45e-17 36.63 -728.17
  7.794  20.273 1.66e-16 1.06e-16 7.48e-17 42.97 -728.05
  7.795  20.106 2.08e-16 1.42e-16 1.05e-16 42.05 -728.27
  7.798  20.355 1.67e-16 1.13e-16 6.73e-17 51.86 -728.01
  7.818  20.403 1.70e-16 1.22e-16 7.66e-17 92.87 -728.29
  7.819  20.457 1.45e-16 1.01e-16 8.31e-17 65.87 -728.20
  7.833  20.577 2.21e-16 1.39e-16 1.03e-16 34.83 -728.06
  7.860  20.206 1.36e-16 1.12e-16 8.38e-17 40.20 -728.20
  7.877  20.955 1.54e-16 1.23e-16 8.59e-17 41.87 -727.98
  7.927  20.366 1.86e-16 1.35e-16 9.15e-17 40.24 -728.00
  7.974  20.387 1.98e-16 1.34e-16 8.75e-17 32.88 -727.99
  8.076  20.548 2.10e-16 1.32e-16 9.46e-17 36.06 -728.14
  8.161  20.353 2.19e-16 1.55e-16 8.33e-17 38.65 -728.10
  8.211  19.730 1.89e-16 1.42e-16 8.34e-17 43.95 -728.12
  8.251  20.463 1.50e-16 1.18e-16 8.29e-17 44.70 -727.83
  8.691  19.934 1.90e-16 1.41e-16 1.08e-16 44.14 -727.94
  8.973  21.094 2.03e-17 1.57e-17 9.02e-18 13.47 -2058.92
  8.999  20.667 2.64e-17 1.44e-17 1.07e-17 13.01 -2059.22
  9.070  20.698 2.30e-17 1.58e-17 1.25e-17 21.78 -2059.06
  9.135  20.517 1.92e-17 1.47e-17 9.45e-18 17.40 -2058.98
  9.144  20.574 1.83e-17 1.43e-17 9.79e-18 17.34 -2059.04
  9.149  20.535 2.75e-17 1.90e-17 1.44e-17 13.76 -2058.99
  9.156  20.542 2.19e-17 1.67e-17 1.13e-17 16.61 -2058.97
  9.156  20.584 1.93e-17 1.58e-17 1.03e-17 13.41 -2059.13
  9.171  20.605 1.89e-17 1.47e-17 9.36e-18 13.42 -2058.94
  9.171  20.590 1.90e-17 1.45e-17 9.44e-18 13.99 -2058.95
  9.172  20.596 2.35e-17 1.76e-17 1.26e-17 13.96 -2059.25
  9.173  20.593 2.43e-17 1.67e-17 9.67e-18 18.28 -2059.08
  9.177  20.630 2.31e-17 1.61e-17 1.03e-17 14.70 -2059.07
  9.178  20.694 2.14e-17 1.17e-17 8.69e-18 18.77 -2059.01
  9.205  20.612 3.20e-17 1.61e-17 1.22e-17 16.48 -2058.96
  9.219  20.785 2.27e-17 1.62e-17 1.35e-17 21.99 -2059.02
  9.222  20.659 2.14e-17 1.58e-17 9.54e-18 24.02 -2058.91
  9.261  20.578 1.77e-17 1.16e-17 9.66e-18 16.71 -2058.85
  9.261  20.639 2.06e-17 1.59e-17 1.02e-17 15.55 -2059.06
  9.264  20.540 1.93e-17 1.59e-17 8.89e-18 21.86 -2059.01
  9.272  20.632 2.73e-17 2.02e-17 1.14e-17 17.10 -2058.98
 12.429  29.774 3.04e-17 2.01e-17 1.59e-17 15.65 -2015.53
 12.479  29.649 2.98e-17 1.79e-17 1.22e-17 12.43 -2015.44
 12.480  29.609 2.26e-17 1.36e-17 9.74e-18 16.75 -2015.44
 12.481  29.730 2.43e-17 1.80e-17 1.32e-17 14.36 -2015.57
 12.507  29.693 2.21e-17 2.19e-17 1.37e-17 13.89 -2015.50
 12.513  29.620 3.15e-17 1.96e-17 1.38e-17 17.27 -2015.42
 12.515  29.651 2.83e-17 2.19e-17 1.07e-17 14.69 -2015.50
 12.516  29.690 2.46e-17 2.26e-17 1.38e-17 17.90 -2015.49
 12.516  29.701 2.65e-17 1.83e-17 1.52e-17 14.08 -2015.67
 12.516  29.701 3.11e-17 1.82e-17 1.40e-17 17.96 -2015.50
 12.518  29.795 2.46e-17 1.98e-17 1.40e-17 12.96 -2015.65
 12.520  29.715 2.46e-17 1.68e-17 1.25e-17 13.59 -2015.69
 12.521  29.708 2.93e-17 1.88e-17 1.22e-17 13.64 -2015.64
 12.524  29.699 2.07e-17 1.37e-17 8.06e-18 15.37 -2015.54
 12.527  29.688 2.43e-17 1.79e-17 1.10e-17 17.41 -2015.45
 12.528  29.702 2.38e-17 1.41e-17 1.10e-17 10.78 -2015.48
 12.530  29.718 2.27e-17 1.49e-17 1.28e-17 19.09 -2015.48
 12.532  29.703 2.06e-17 1.65e-17 1.15e-17 16.30 -2015.46
 12.544  29.714 2.37e-17 1.91e-17 1.16e-17 15.08 -2015.42
 12.555  29.761 2.42e-17 2.02e-17 1.15e-17 18.78 -2015.43
 12.564  29.742 2.42e-17 1.65e-17 1.28e-17 24.05 -2015.25
 12.674  29.682 2.42e-17 1.92e-17 1.18e-17 14.25 -2015.41
 12.828  29.503 2.45e-17 2.38e-17 1.24e-17 14.62 -2015.34
