x y flux0 flux1 flux2 width rv
 27.914  21.833 1.64e-16 1.13e-16 8.15e-17 36.29 -808.34
 27.953  21.925 1.50e-16 1.21e-16 7.49e-17 37.70 -808.26
 28.005  21.603 1.47e-16 1.29e-16 8.02e-17 40.71 -808.42
 28.042  22.012 1.58e-16 1.03e-16 7.42e-17 40.93 -808.30
 28.074  22.007 1.22e-16 9.02e-17 8.16e-17 40.31 -808.50
 28.078  21.866 1.63e-16 1.09e-16 7.29e-17 49.45 -808.53
 28.116  21.982 1.73e-16 1.03e-16 8.60e-17 31.50 -808.29
 28.152  21.877 1.27e-16 9.07e-17 6.41e-17 46.18 -808.23
 28.163  22.029 1.25e-16 1.07e-16 7.33e-17 47.55 -808.34
 28.166  21.766 1.54e-16 9.50e-17 7.48e-17 50.49 -808.39
 28.205  22.053 1.38e-16 1.06e-16 5.73e-17 39.36 -808.27
 28.399  22.094 1.42e-16 1.01e-16 7.06e-17 48.42 -808.32
