x y flux0 flux1 flux2 width rv
 16.030   3.943 1.83e-17 1.57e-17 1.09e-17 15.77 -1916.33
 16.179   3.897 3.00e-17 2.08e-17 1.52e-17 16.22 -1916.08
 16.183   3.824 2.70e-17 1.91e-17 1.23e-17 23.72 -1916.20
 16.213   3.630 1.95e-17 1.37e-17 8.66e-18 14.76 -1916.26
 16.215   3.755 3.03e-17 1.86e-17 1.36e-17 17.06 -1916.25
 16.219   3.749 2.67e-17 1.80e-17 1.41e-17 12.50 -1916.13
 16.235   3.659 2.35e-17 1.95e-17 1.31e-17 18.93 -1915.89
 16.235   3.772 2.52e-17 1.75e-17 1.07e-17 12.66 -1916.27
 16.238   3.819 2.42e-17 1.29e-17 1.03e-17 24.29 -1915.93
 16.240   3.768 2.08e-17 1.28e-17 1.01e-17 16.48 -1916.15
 16.243   3.762 2.62e-17 2.07e-17 1.36e-17 15.39 -1916.29
 16.243   3.773 3.00e-17 2.29e-17 1.36e-17 30.49 -1916.20
 16.255   3.760 2.11e-17 1.77e-17 1.42e-17 19.51 -1916.08
 16.258   3.799 2.83e-17 1.61e-17 1.60e-17 15.04 -1916.19
 16.263   3.697 2.91e-17 1.94e-17 1.10e-17 16.75 -1916.19
 16.272   3.799 1.95e-17 1.75e-17 1.28e-17 19.68 -1916.21
 16.322   3.802 2.03e-17 1.64e-17 1.24e-17 18.79 -1916.11
 16.343   3.773 3.09e-17 2.07e-17 1.39e-17 22.76 -1916.10
 16.421   3.589 3.03e-17 2.39e-17 1.62e-17 20.79 -1916.23
