name x y flux1 flux2 flux3 par rv
P01573 -43.105  -9.012 8.29e-15 4.99e-15 2.43e-15   0.001   13.73
P04712 -42.289  -4.593 3.38e-17 3.58e-17 2.81e-17   0.003   13.82
P03134 -40.332 -14.302 2.60e-14 1.17e-14 5.63e-15   0.002   14.20
P04367 -40.004 -10.722 9.34e-15 5.04e-15 2.39e-15   0.002   14.84
P02206 -39.615 -13.644 1.26e-16 1.14e-16 7.94e-17   0.002   14.32
P02528 -39.918 -11.842 2.28e-15 1.43e-15 6.91e-16   0.003   14.39
P04372 -39.715  -5.914 2.90e-13 4.70e-13 6.28e-13   0.001   14.66
P00309 -39.781  -8.467 4.80e-16 4.25e-16 2.37e-16   0.002   14.86
P06037 -39.549 -13.327 2.96e-16 2.30e-16 1.39e-16   0.002   14.47
P04567 -39.315  -2.558 1.09e-16 9.26e-17 8.81e-17   0.002   13.95
P01680 -39.257  -6.819 4.97e-16 3.39e-16 2.56e-16   0.003   14.95
P02504 -38.719  -2.621 1.55e-15 1.09e-15 5.73e-16   0.001   14.06
P00953 -38.423 -10.619 1.23e-16 1.07e-16 7.56e-17   0.004   15.08
P00084 -38.497 -11.241 3.27e-14 1.56e-14 6.39e-15   0.002   15.34
P04892 -38.108 -14.740 1.11e-17 1.69e-17 1.35e-17   0.002   14.04
P01912 -37.948 -10.594 2.66e-15 1.52e-15 7.28e-16   0.001   15.47
P04256 -37.894 -12.657 5.00e-16 3.16e-16 2.14e-16   0.002   14.46
P03029 -37.787  -6.882 6.85e-17 6.20e-17 4.66e-17   0.004   15.28
P02969 -37.949  -4.265 2.30e-17 2.15e-17 2.11e-17  -0.000   14.47
P04219 -37.704  -8.864 1.63e-16 1.30e-16 9.56e-17   0.003   15.37
P04027 -37.591 -11.501 1.01e-12 8.37e-13 4.50e-13   0.002   15.51
P01067 -37.536  -6.710 1.20e-16 1.21e-16 8.18e-17   0.003   15.31
P05726 -37.285 -10.208 1.16e-14 6.66e-15 3.18e-15   0.003   16.13
P00005 -37.457  -8.692 1.15e-16 1.01e-16 7.26e-17   0.003   16.17
P05594 -37.285 -10.754 1.10e-14 5.83e-15 2.70e-15   0.003   17.03
P02514 -37.312  -7.156 8.21e-15 5.50e-15 2.51e-15   0.003   15.66
P00772 -37.153  -8.102 4.13e-17 4.08e-17 2.99e-17   0.002   15.97
P04885 -37.217 -12.663 4.47e-17 4.61e-17 3.53e-17   0.003   14.68
P00984 -37.231 -11.047 3.40e-14 1.88e-14 8.95e-15   0.002   16.00
P05788 -37.303  -5.080 3.33e-16 2.88e-16 1.74e-16   0.001   14.75
P04984 -37.081 -13.328 9.02e-13 6.97e-13 5.13e-13   0.001   14.11
P05429 -37.203  -9.680 1.27e-17 1.43e-17 1.37e-17   0.001   16.74
P05432 -37.030  -9.942 5.90e-15 3.63e-15 1.60e-15   0.002   16.90
P01030 -36.728 -10.604 1.43e-17 1.64e-17 1.68e-17   0.001   16.94
P01695 -36.934  -5.827 1.41e-16 1.20e-16 8.80e-17   0.000   14.77
P02004 -36.804 -13.547 1.73e-14 8.81e-15 4.30e-15   0.001   13.77
P02188 -36.779 -10.936 4.04e-13 2.07e-13 8.79e-14   0.003   17.80
P05586 -36.792  -7.605 3.37e-17 3.19e-17 2.85e-17   0.002   15.85
P02779 -36.663 -13.032 1.46e-15 9.24e-16 5.09e-16   0.001   14.01
P02082 -36.490 -10.157 1.63e-15 1.02e-15 5.78e-16   0.003   17.20
P01334 -36.499  -7.848 6.24e-16 4.98e-16 2.89e-16   0.001   15.46
P01828 -36.528  -7.560 8.99e-13 5.84e-13 3.29e-13   0.000   15.87
P02724 -36.574  -4.677 1.21e-17 1.45e-17 1.37e-17   0.004   14.54
P04400 -36.469 -11.690 3.40e-14 1.46e-14 6.57e-15   0.000   17.18
P05457 -36.457 -13.821 1.65e-17 7.23e-18 3.12e-18   0.001   13.33
P00026 -36.437 -10.897 1.75e-16 1.53e-16 9.61e-17   0.002   18.19
P02162 -36.242 -10.475 2.81e-17 1.27e-17 4.59e-18   0.001   17.96
P03801 -36.188 -13.521 2.21e-17 2.33e-17 1.98e-17   0.002   11.00
P02053 -36.276 -11.324 2.52e-14 1.37e-14 6.98e-15   0.002   18.82
P02727 -36.086 -12.051 7.55e-17 8.46e-17 6.30e-17   0.002   17.61
P00248 -35.990  -9.504 5.62e-17 5.63e-17 3.82e-17   0.003   16.58
P01917 -36.060  -4.285 1.39e-17 1.71e-17 1.61e-17   0.001   14.12
P03795 -36.136 -13.254 8.09e-15 4.40e-15 2.49e-15   0.003   13.27
P05038 -35.978 -11.914 4.73e-15 3.15e-15 1.30e-15   0.001   15.75
P01276 -35.974 -13.427 2.84e-17 3.06e-17 2.43e-17  -0.000   12.20
P02631 -36.005 -13.957 9.21e-16 6.62e-16 3.52e-16   0.003   12.44
P04781 -35.917 -12.541 1.16e-14 6.59e-15 3.05e-15  -0.000   14.25
P04880 -35.958 -13.239 3.57e-15 2.38e-15 1.03e-15   0.001   12.95
P04571 -36.111 -12.608 1.52e-17 1.70e-17 1.53e-17   0.002   13.78
P05181 -36.011  -7.671 1.76e-14 9.11e-15 4.27e-15   0.003   15.38
P03301 -35.941  -4.743 6.52e-17 6.79e-17 5.14e-17   0.003   14.42
P02144 -35.971 -12.480 4.78e-16 3.67e-16 2.30e-16   0.001   14.14
P04644 -36.087 -10.622 1.08e-17 4.39e-18 2.48e-18   0.002   18.41
P01237 -35.897 -12.771 3.25e-16 2.39e-16 1.87e-16   0.002   13.05
P00478 -35.714 -12.550 3.90e-14 1.73e-14 8.72e-15   0.002   13.56
P00059 -35.708 -14.593 7.42e-16 4.77e-16 2.82e-16   0.002   12.42
P02312 -35.740  -6.216 5.97e-16 4.29e-16 2.90e-16   0.002   14.60
P03080 -35.690 -12.523 2.31e-17 2.66e-17 2.23e-17   0.002    6.09
P04355 -35.767 -11.861 7.98e-13 9.01e-13 6.36e-13   0.002   22.61
P03535 -35.491 -12.087 1.19e-16 9.93e-17 7.43e-17  -0.001   13.96
P04877 -35.598 -13.858 2.58e-16 2.29e-16 1.49e-16   0.002   11.68
P01201 -35.588 -13.556 1.44e-15 8.92e-16 5.10e-16   0.002   10.86
P05358 -35.582 -11.494 6.32e-17 6.01e-17 4.63e-17   0.000   15.94
P00495 -35.565 -11.756 1.36e-17 1.36e-17 1.55e-17   0.003   22.83
P01530 -35.546 -12.086 1.92e-16 1.53e-16 1.11e-16   0.001   30.76
P00683 -35.571 -11.701 9.66e-15 5.36e-15 2.43e-15   0.003   23.40
P00832 -35.504 -12.113 6.89e-13 3.84e-13 1.92e-13   0.002   28.13
P01758 -35.463 -11.414 3.79e-14 2.20e-14 9.41e-15   0.004   16.84
P05206 -35.584 -12.870 5.01e-13 2.69e-13 9.50e-14   0.003    8.43
P05134 -35.410 -11.882 1.10e-17 1.34e-17 1.36e-17   0.003   25.27
P01314 -35.395 -11.890 6.18e-14 3.19e-14 1.26e-14   0.002   14.90
P02841 -35.497 -13.853 6.00e-13 3.16e-13 1.83e-13   0.001   12.31
P03127 -35.536 -11.538 1.18e-15 8.31e-16 4.49e-16   0.002   15.28
P01871 -35.479 -12.250 1.13e-12 7.30e-13 4.55e-13   0.001   12.30
P05072 -35.434 -10.846 1.73e-15 1.15e-15 6.28e-16   0.001   18.11
P00847 -35.355 -13.557 4.05e-15 2.68e-15 1.23e-15   0.000   10.84
P01568 -35.370 -12.282 1.03e-12 8.03e-13 5.56e-13   0.001   10.31
P05040 -35.382 -11.973 4.64e-13 6.51e-13 6.59e-13   0.003   22.02
P01520 -35.277 -12.139 4.78e-13 2.47e-13 1.14e-13   0.000   11.42
P06002 -35.415 -10.104 8.62e-13 5.02e-13 2.36e-13  -0.000   16.65
P06193 -35.365  -7.330 7.11e-13 7.97e-13 6.96e-13   0.001   15.07
P04094 -35.262 -11.782 3.06e-14 1.70e-14 7.63e-15   0.002   24.50
P04032 -35.438  -9.288 4.41e-16 3.32e-16 1.98e-16   0.004   15.93
P02740 -35.406 -11.040 1.90e-13 3.36e-13 4.82e-13   0.001   16.28
P00571 -35.257 -11.867 6.65e-13 3.98e-13 1.68e-13   0.002   42.73
P01952 -35.373 -12.600 3.82e-17 4.93e-17 3.39e-17   0.002    5.95
P02448 -35.373 -12.641 5.37e-13 2.58e-13 1.28e-13   0.002    5.71
P04230 -35.404 -12.115 4.95e-13 2.72e-13 1.20e-13   0.003   -2.89
P05368 -35.385 -11.855 6.84e-17 5.96e-17 5.15e-17   0.002   20.11
P05955 -35.382 -12.050 8.44e-17 8.11e-17 5.86e-17   0.002   -9.89
P04125 -35.322 -12.521 1.36e-15 9.92e-16 5.41e-16   0.001    5.63
P04623 -35.166 -13.530 3.81e-17 3.75e-17 3.13e-17   0.001   11.19
P02137 -35.323 -11.669 3.82e-17 3.81e-17 2.96e-17   0.005   16.94
P00237 -35.354 -12.865 4.55e-14 2.73e-14 1.03e-14   0.001    6.90
P01838 -35.193 -11.508 1.16e-15 7.18e-16 4.35e-16   0.000   19.59
P01254 -35.103 -12.803 1.54e-14 7.92e-15 3.43e-15  -0.000    7.28
P00792 -35.184 -12.303 3.55e-15 1.95e-15 1.00e-15   0.001    6.28
P00365 -35.034 -12.275 2.01e-14 1.11e-14 5.36e-15   0.004    5.78
P03704 -35.105 -12.410 7.47e-13 3.95e-13 1.95e-13   0.002    6.02
P03656 -35.159 -12.646 8.77e-13 6.62e-13 3.51e-13   0.003    7.27
P03430 -35.195 -11.898 2.41e-14 1.37e-14 6.82e-15   0.001   13.57
P01145 -35.112 -14.269 2.12e-14 1.11e-14 5.52e-15   0.000   11.52
P04811 -35.153 -11.639 3.03e-15 1.94e-15 9.11e-16   0.002   16.34
P02874 -35.188 -11.797 7.75e-13 4.43e-13 2.24e-13   0.002   14.50
P05122 -35.182 -11.778 1.96e-16 1.44e-16 9.87e-17   0.002   12.62
P00488 -35.203 -12.404 8.50e-17 7.37e-17 5.94e-17   0.001    8.71
P05583 -35.091  -9.670 1.72e-16 1.27e-16 1.00e-16   0.004   15.36
P05844 -35.200 -12.348 2.39e-17 2.40e-17 2.16e-17   0.002    5.15
P03620 -35.099 -12.399 4.92e-16 4.36e-16 2.38e-16   0.003    6.53
P02391 -35.056 -12.025 9.36e-17 7.92e-17 7.05e-17   0.003   10.63
P01180 -34.992 -11.812 9.67e-17 8.65e-17 6.46e-17   0.000   10.60
P00179 -35.010  -0.561 7.86e-13 4.17e-13 1.91e-13   0.002   13.15
P04977 -35.032 -11.837 5.30e-15 3.06e-15 1.52e-15   0.001   12.62
P02200 -34.987 -10.318 6.62e-15 3.54e-15 2.17e-15   0.001   15.41
P03936 -34.961 -11.031 6.20e-17 5.75e-17 4.24e-17   0.002   15.97
P01924 -34.965 -13.823 5.03e-15 2.96e-15 1.60e-15   0.004   10.51
P06132 -34.898 -14.353 3.53e-17 3.86e-17 3.06e-17   0.003   10.19
P02198 -34.933 -12.611 4.14e-15 2.36e-15 1.36e-15   0.003    7.42
P02905 -34.913 -13.330 8.15e-17 8.00e-17 5.73e-17   0.001    9.01
P01994 -34.827 -13.094 1.74e-16 1.26e-16 9.30e-17   0.001    8.54
P05526 -34.959 -11.319 1.30e-17 1.49e-17 1.59e-17   0.003   15.85
P01348 -34.875 -12.342 9.70e-13 6.47e-13 3.79e-13   0.003    9.55
P05129 -34.883  -9.566 3.11e-17 3.13e-17 2.88e-17   0.001   14.92
P04524 -34.852  -8.910 2.07e-14 1.02e-14 4.78e-15   0.004   15.08
P00214 -34.833  -9.590 8.93e-16 6.29e-16 4.07e-16  -0.000   15.09
P02963 -34.894 -11.513 2.19e-17 2.43e-17 2.22e-17   0.003   13.62
P03350 -34.704 -11.460 6.43e-16 5.21e-16 2.68e-16   0.003    5.78
P04996 -34.749 -10.630 1.24e-17 1.63e-17 1.57e-17   0.003   15.02
P02883 -34.725  -9.253 8.91e-13 5.62e-13 2.71e-13   0.004   15.73
P05472 -34.684 -11.990 4.99e-13 2.45e-13 1.22e-13   0.003   11.23
P05091 -34.556 -14.311 2.84e-14 1.45e-14 6.87e-15   0.003   10.37
P05408 -34.668 -12.204 1.85e-16 1.59e-16 9.23e-17   0.001    8.65
P03981 -34.677 -10.760 2.31e-16 2.18e-16 1.29e-16   0.003   14.49
P05565 -34.514  -9.555 1.22e-15 7.53e-16 4.57e-16   0.002   14.74
P02942 -34.424  -3.506 1.98e-17 2.12e-17 1.88e-17   0.004   13.70
P00394 -34.503 -13.031 1.41e-14 6.84e-15 3.40e-15   0.003    9.15
P05838 -34.534  -9.284 1.21e-15 8.91e-16 4.49e-16   0.002   14.55
P04358 -34.468  -7.660 6.22e-16 4.69e-16 2.72e-16   0.001   14.63
P00845 -34.514 -13.195 6.65e-15 3.89e-15 2.12e-15   0.003    9.87
P05654 -34.419 -10.893 4.39e-14 1.87e-14 8.78e-15   0.002   14.20
P01985 -34.412 -10.812 1.74e-16 1.38e-16 1.05e-16   0.002   14.51
P03183 -34.441 -12.076 1.79e-15 1.15e-15 5.58e-16   0.001   11.80
P04012 -34.518 -13.508 4.31e-15 2.28e-15 1.13e-15   0.001    9.77
P01744 -34.435 -13.374 8.38e-13 5.05e-13 2.26e-13   0.000   10.09
P06099 -34.363 -14.897 7.94e-13 4.47e-13 2.57e-13   0.003   11.11
P02691 -34.411 -11.127 3.85e-13 1.90e-13 8.10e-14   0.002   13.60
P05478 -34.259  -8.633 1.05e-15 6.97e-16 4.56e-16   0.003   14.64
P04443 -34.321 -11.960 5.06e-13 2.72e-13 1.25e-13   0.001    8.26
P05030 -34.137 -14.109 1.60e-16 1.25e-16 8.23e-17   0.002   10.43
P03964 -34.069 -11.260 5.54e-13 7.27e-13 6.71e-13   0.003   13.06
P02296 -34.138  -9.313 6.15e-13 3.58e-13 1.76e-13   0.001   14.26
P03858 -33.861  -9.777 2.41e-16 1.92e-16 1.25e-16   0.001   14.20
P04013 -33.904 -14.790 8.27e-15 4.28e-15 2.05e-15   0.004   11.21
P02211 -33.800 -11.440 3.76e-14 1.60e-14 8.57e-15   0.001   12.85
P03631 -33.769  -7.242 1.37e-14 8.05e-15 3.60e-15   0.003   13.99
P02087 -33.827 -10.940 1.19e-12 8.29e-13 4.83e-13  -0.001   13.49
P03608 -33.850  -5.857 3.42e-16 2.26e-16 1.55e-16  -0.000   14.01
P00383 -33.456 -14.523 1.03e-12 6.61e-13 3.91e-13   0.001   11.14
P02984 -33.504 -13.266 2.11e-17 1.08e-17 4.10e-18   0.001   11.08
P00251 -33.497 -10.998 6.96e-13 3.91e-13 1.87e-13   0.002   13.23
P04135 -33.358 -14.967 2.36e-15 1.35e-15 7.45e-16   0.003   11.25
P03780 -33.153 -13.124 5.57e-14 2.78e-14 1.22e-14   0.002   11.41
P00376 -33.157 -10.109 1.04e-12 8.86e-13 6.74e-13   0.003   13.63
P02405 -33.237 -12.200 8.95e-13 5.50e-13 2.51e-13   0.003   12.28
P04428 -33.016 -14.032 2.66e-17 3.17e-17 3.05e-17   0.002   11.70
P04403 -33.233 -14.596 1.32e-14 7.57e-15 3.59e-15   0.002   11.43
P05163 -33.077 -11.668 4.18e-15 2.46e-15 1.33e-15   0.002   12.73
P02954 -32.959 -12.328 6.69e-13 3.92e-13 1.71e-13  -0.000   12.07
P02670 -33.058  -8.850 3.75e-15 2.45e-14 1.07e-13   0.002   13.78
P02164 -32.373 -13.054 2.07e-17 2.19e-17 2.08e-17   0.002   12.38
P03001 -32.252 -11.373 8.58e-17 8.05e-17 6.53e-17   0.001   12.99
P02257 -31.972 -10.577 1.37e-15 8.05e-16 5.02e-16   0.002   13.25
P02103 -31.486 -13.190 1.41e-14 6.77e-14 1.74e-13   0.003   12.73
P04791 -31.498 -13.974 2.24e-14 1.32e-14 5.35e-15  -0.002   12.32
P02782 -31.382 -10.922 1.12e-14 6.17e-15 3.01e-15   0.003   13.23
P03952 -31.323 -11.500 1.79e-16 1.51e-16 1.09e-16   0.004   12.82
P05365 -31.165  -2.638 1.82e-17 8.24e-18 3.69e-18   0.000   12.98
P03931 -30.891  -6.699 8.50e-15 4.98e-15 2.58e-15   0.001   13.37
P05842 -30.943  -8.057 1.45e-16 1.32e-16 8.92e-17   0.003   13.40
P05008 -30.790  -5.653 3.72e-15 2.49e-15 1.23e-15   0.003   13.24
P00475 -30.832 -12.771 1.21e-12 7.36e-13 6.07e-13   0.001   12.68
P00482 -30.254  -9.750 3.39e-15 1.85e-15 1.13e-15   0.003   13.24
P03860 -30.159  -6.541 5.28e-17 5.96e-17 4.37e-17   0.002   13.26
P00699 -30.172 -12.276 2.59e-17 2.80e-17 2.01e-17   0.002   12.67
