 43.826   0.331       691
 15.500 -37.144       728
 23.824  36.992       304
 -7.522 -23.058        84
 11.776  -2.423       204
 12.597  10.551       171
  5.512 -33.725       135
-35.696 -24.419       438
-40.681  28.768        90
-23.096 -27.292       667
 -2.331  36.315       210
  7.948  40.567       111
 11.852  40.007       807
 -4.307  39.639        82
-17.260  36.176       124
-35.486 -11.703 139378776
-22.467  -7.237       177
 32.828 -25.239  10915606
 20.306  15.335        90
 -9.755  -2.553       248
 11.809   0.238        89
  3.515   4.336        93
-28.429   5.807       456
  1.650  12.702       142
  9.179  20.766       107
 26.826 -14.183       264
 -8.935  26.471       740
