name x y flux1 flux2 flux3 par rv
P05126   1.439 -31.382 1.90e-15 1.03e-15 4.27e-16   0.001   16.55
P05605   1.611 -35.623 9.05e-17 6.02e-17 3.10e-17   0.002   16.88
P05039   1.920 -34.401 8.42e-14 6.74e-14 5.14e-14   0.000   17.68
P06131   2.046 -35.689 7.72e-16 4.97e-16 2.39e-16  -0.001   16.81
P00501   2.124 -34.353 3.37e-16 1.84e-16 8.01e-17  -0.000   17.87
P04322   2.229 -34.333 6.98e-17 4.58e-17 3.21e-17   0.001   17.79
P03960   2.226 -35.225 2.70e-14 4.23e-14 4.24e-14   0.002   17.01
P03137   2.453 -34.752 8.36e-14 6.02e-14 4.59e-14   0.000   17.53
P01918   2.501 -33.881 3.99e-17 3.00e-17 1.74e-17   0.000   18.10
P02337   2.561 -37.708 3.37e-17 2.07e-17 1.47e-17   0.001   16.20
P01121   2.476 -35.003 7.48e-16 4.71e-16 2.19e-16   0.002   17.33
P02292   2.561 -34.144 7.70e-17 5.72e-17 3.03e-17   0.001   18.09
P01747   2.600 -34.354 8.63e-16 4.29e-16 2.52e-16  -0.001   18.05
P01662   2.526 -35.768 9.14e-17 6.13e-17 3.79e-17   0.000   16.55
P00094   2.603 -34.104 7.24e-17 4.16e-17 2.87e-17   0.000   18.16
P03387   2.544 -32.952 1.90e-17 1.60e-17 1.13e-17   0.001   17.32
P04360   2.796 -32.800 1.44e-16 1.06e-16 5.74e-17   0.001   17.00
P06180   2.675 -31.898 7.58e-15 1.72e-14 3.59e-14  -0.001   16.36
P00218   2.783 -34.000 6.27e-16 3.53e-16 1.79e-16  -0.000   18.41
P03715   2.896 -33.998 8.40e-16 3.89e-16 1.90e-16   0.001   18.46
P03628   2.857 -33.577 1.81e-15 8.46e-16 3.79e-16   0.001   17.95
P02232   3.087 -36.336 1.23e-16 9.36e-17 4.73e-17   0.001   16.24
P01222   3.209 -33.233 1.30e-16 9.13e-17 4.44e-17   0.001   17.47
P01307   3.068 -34.880 6.18e-16 3.30e-16 1.53e-16  -0.000   17.19
P00456   3.263 -33.825 5.83e-17 3.89e-17 2.10e-17  -0.001   18.46
P05867   3.144 -33.616 1.82e-17 1.38e-17 1.02e-17   0.003   18.21
P04704   3.288 -34.312 1.17e-15 5.68e-16 3.33e-16   0.001   18.54
P01482   3.187 -33.431 5.22e-17 3.73e-17 2.28e-17   0.001   17.91
P01090   3.204 -34.569 3.50e-17 2.34e-17 1.74e-17   0.001   17.53
P05582   3.283 -33.564 4.42e-15 1.39e-14 3.22e-14   0.003   17.85
P02618   3.337 -34.014 5.73e-16 3.37e-16 1.65e-16  -0.000   18.96
P02452   3.408 -34.251 4.78e-14 7.30e-14 5.01e-14   0.001   18.32
P01331   3.477 -33.037 2.07e-16 1.25e-16 6.76e-17   0.000   16.93
P01447   3.692 -33.788 4.65e-15 2.73e-15 1.01e-15   0.001   18.68
P04834   3.544 -35.370 2.37e-16 1.48e-16 6.85e-17   0.001   16.45
P00388   3.603 -34.365 1.98e-15 1.08e-15 5.92e-16   0.001   18.93
P05184   3.616 -34.137 3.27e-17 2.56e-17 1.53e-17   0.000   19.45
P04879   3.599 -35.063 6.33e-16 3.74e-16 1.73e-16   0.001   16.60
P01427   3.702 -34.533 3.51e-15 2.07e-15 7.23e-16   0.001   18.50
P01294   3.597 -34.731 1.41e-15 6.28e-15 1.75e-14   0.002   16.82
P05658   3.567 -34.146 5.37e-17 4.41e-17 2.45e-17  -0.000   19.61
P01719   3.673 -33.792 7.92e-17 4.02e-17 3.25e-17   0.001   18.44
P03278   3.632 -33.892 3.84e-16 2.22e-16 1.19e-16  -0.000   19.14
P05026   3.771 -33.573 5.31e-15 2.39e-15 1.09e-15   0.001   17.98
P04888   3.688 -34.034 2.89e-15 1.34e-15 5.80e-16  -0.000   18.70
P00545   3.644 -33.921 4.41e-14 2.85e-14 1.29e-14  -0.001   18.33
P05888   3.610 -33.935 1.80e-17 1.51e-17 9.82e-18   0.002   19.58
P05223   3.839 -34.383 7.39e-14 6.35e-14 4.83e-14   0.002   17.80
P02472   3.712 -34.013 6.60e-16 3.51e-16 1.98e-16   0.002   20.04
P01592   3.882 -33.048 4.28e-15 1.80e-15 8.54e-16   0.000   16.54
P04151   3.892 -34.646 1.11e-15 4.54e-16 2.79e-16   0.004   16.78
P05309   3.914 -34.036 6.55e-16 3.23e-16 1.77e-16   0.001   19.72
P03492   3.915 -31.312 4.40e-17 3.36e-17 2.27e-17  -0.000   15.72
P00570   3.825 -33.439 5.82e-16 3.56e-16 1.77e-16   0.001   16.59
P00418   3.862 -33.517 5.40e-16 3.26e-16 1.57e-16   0.002   16.77
P02638   3.960 -34.431 3.88e-16 2.36e-16 1.18e-16   0.001   19.16
P02461   3.930 -34.021 7.82e-17 5.35e-17 2.92e-17  -0.000   19.69
P02081   3.941 -33.017 1.77e-16 1.34e-16 7.50e-17  -0.000   16.16
P04058   3.965 -33.638 7.11e-14 4.12e-14 2.00e-14   0.001   17.75
P01156   4.025 -34.090 1.85e-15 8.75e-16 4.44e-16   0.001   19.64
P01213   4.002 -33.667 2.85e-16 1.75e-16 1.03e-16  -0.001   16.98
P00552   4.209 -33.575 1.57e-16 8.98e-17 5.42e-17   0.002   16.95
P04280   4.164 -34.333 7.19e-14 3.91e-14 1.87e-14   0.001   19.15
P04809   4.132 -32.339 6.43e-17 4.96e-17 2.88e-17   0.002   15.86
P02869   4.156 -35.939 2.08e-16 1.21e-16 7.11e-17   0.001   15.77
P02362   4.076 -34.256 1.44e-15 8.70e-16 3.79e-16   0.000   21.96
P05602   4.172 -34.510 1.01e-16 4.81e-17 3.13e-17   0.001   17.11
P04909   4.139 -34.156 6.93e-17 5.42e-17 2.84e-17   0.003   20.64
P05386   4.132 -33.257 6.32e-17 4.68e-17 2.74e-17   0.001   16.26
P05704   4.042 -34.256 4.49e-17 3.53e-17 1.69e-17   0.000   20.04
P02831   4.211 -34.210 8.91e-14 6.53e-14 4.84e-14   0.000   19.58
P00508   4.235 -34.334 5.31e-15 2.24e-15 1.01e-15   0.002   22.60
P05617   4.144 -34.027 4.14e-16 3.04e-16 1.51e-16   0.002   22.74
P01059   4.212 -34.339 2.64e-15 1.34e-15 5.61e-16   0.001   17.73
P01129   4.188 -31.333 8.83e-17 5.71e-17 3.00e-17  -0.001   15.53
P01228   4.308 -34.673 1.28e-16 9.26e-17 4.48e-17  -0.001   15.89
P01776   4.232 -34.099 3.72e-14 2.04e-14 7.46e-15   0.000   20.40
P03610   4.257 -34.136 9.19e-14 7.32e-14 3.76e-14  -0.000   21.33
P03584   4.258 -33.984 1.63e-15 8.97e-16 3.57e-16  -0.001   17.16
P02357   4.205 -34.296 5.36e-17 3.30e-17 2.24e-17  -0.001   24.63
P00442   4.379 -34.228 1.10e-15 7.19e-16 3.15e-16   0.001   19.27
P03571   4.206 -34.644 8.46e-16 3.90e-16 2.48e-16   0.000   15.57
P01044   4.290 -33.905 5.65e-17 3.31e-17 1.96e-17   0.003   17.21
P02235   4.351 -34.268 4.72e-14 2.11e-14 1.08e-14  -0.000   24.14
P06205   4.388 -32.380 1.92e-15 1.13e-15 5.21e-16   0.001   15.70
P00434   4.303 -33.811 7.43e-16 3.42e-16 1.99e-16  -0.001   16.35
P05194   4.375 -33.333 3.06e-15 1.39e-15 7.48e-16  -0.001   15.90
P05372   4.336 -34.168 1.90e-15 8.48e-16 5.05e-16  -0.000   26.36
P04593   4.341 -34.027 1.68e-15 8.57e-16 3.98e-16   0.001   18.91
P00952   4.223 -34.043 3.19e-16 2.04e-16 1.07e-16  -0.000   26.84
P04341   4.341 -34.100 1.18e-16 8.14e-17 4.98e-17  -0.000   27.26
P03802   4.338 -34.235 5.12e-14 2.50e-14 1.43e-14  -0.000   17.78
P04764   4.243 -34.281 1.71e-15 9.21e-16 4.31e-16   0.002   18.56
P00612   4.318 -34.293 1.10e-17 1.03e-17 6.73e-18   0.001   15.96
P03978   4.217 -34.103 3.20e-14 1.76e-14 8.80e-15   0.000   29.45
P03774   4.268 -34.579 4.25e-16 2.39e-16 1.30e-16   0.001   15.44
P04767   4.344 -34.208 3.68e-15 1.75e-15 7.97e-16   0.000   21.04
P01481   4.408 -34.263 1.62e-17 1.39e-17 8.90e-18  -0.001   14.05
P06056   4.382 -34.094 2.82e-16 2.01e-16 1.02e-16  -0.001   79.15
P05047   4.310 -34.289 8.56e-17 7.22e-17 3.51e-17  -0.000  -12.41
P03412   4.432 -34.146 3.77e-14 1.53e-14 8.29e-15  -0.000   13.14
P03713   4.356 -36.140 1.22e-16 8.57e-17 3.75e-17   0.000   15.66
P00954   4.396 -34.055 1.51e-17 1.00e-17 8.02e-18   0.000    6.30
P05227   4.369 -34.455 8.52e-14 4.92e-14 2.34e-14   0.001   15.21
P01810   4.449 -34.008 2.24e-17 1.61e-17 1.16e-17  -0.001   15.58
P02746   4.344 -34.152 3.82e-15 2.01e-15 7.84e-16   0.001   12.60
P03976   4.401 -34.060 1.76e-16 1.06e-16 6.73e-17   0.001   15.04
P00855   4.406 -34.358 6.89e-14 3.64e-14 1.51e-14   0.000   13.09
P01488   4.581 -34.728 6.22e-14 6.60e-14 5.56e-14  -0.001   14.99
P05400   4.551 -34.167 5.04e-17 4.27e-17 2.64e-17   0.001   10.15
P00999   4.405 -35.195 5.85e-17 4.89e-17 3.07e-17  -0.001   15.36
P06165   4.594 -34.193 1.31e-15 8.47e-16 3.45e-16  -0.001    6.88
P05609   4.508 -34.557 2.93e-15 1.47e-15 5.75e-16   0.000   14.76
P01477   4.423 -34.201 1.37e-15 8.41e-16 3.21e-16   0.000   10.33
P02825   4.501 -33.758 6.23e-17 4.62e-17 3.09e-17   0.000   15.51
P04751   4.546 -34.216 7.36e-14 3.94e-14 2.37e-14   0.001    7.01
P04117   4.506 -34.380 7.47e-14 6.03e-14 3.45e-14   0.002   13.58
P06201   4.454 -34.338 6.72e-16 3.80e-16 2.23e-16  -0.001   10.51
P01112   4.481 -35.108 5.60e-14 3.23e-14 1.37e-14   0.003   15.30
P05625   4.603 -34.441 9.02e-16 3.89e-16 1.94e-16  -0.000   13.55
P01442   4.523 -34.069 9.29e-14 8.16e-14 4.31e-14   0.001   13.60
P00840   4.554 -34.427 2.09e-15 1.29e-15 6.70e-16  -0.001   13.40
P03336   4.491 -34.145 3.78e-14 1.85e-14 8.63e-15   0.002    9.57
P00725   4.602 -34.132 2.00e-17 1.84e-17 1.03e-17  -0.001   13.39
P01767   4.694 -34.119 2.05e-17 1.57e-17 9.68e-18   0.000    9.82
P00454   4.551 -34.120 3.56e-14 1.86e-14 6.78e-15   0.000    9.09
P01409   4.589 -34.223 1.95e-16 1.27e-16 6.26e-17   0.001    9.80
P00178   4.653 -34.519 1.72e-15 8.67e-16 3.96e-16   0.001   11.86
P03087   4.600 -34.085 1.65e-17 1.13e-17 8.46e-18   0.002    9.68
P04839   4.755 -34.360 3.23e-15 1.69e-15 7.29e-16  -0.000   10.01
P00779   4.704 -34.408 5.33e-16 2.53e-16 1.64e-16   0.001   10.18
P04286   4.740 -34.811 7.40e-16 3.48e-16 1.71e-16   0.000   14.56
P02978   4.644 -34.499 8.60e-14 7.39e-14 5.02e-14  -0.001   12.61
P04992   4.823 -35.575 9.64e-17 5.24e-17 3.09e-17   0.001   15.32
P03304   4.868 -34.454 3.18e-17 2.12e-17 1.47e-17  -0.001   12.50
P02135   4.921 -33.960 1.36e-17 1.09e-17 8.12e-18   0.000   13.83
P02455   4.857 -33.833 4.11e-16 2.44e-16 1.55e-16  -0.000   11.47
P01661   4.829 -35.625 2.36e-15 7.80e-15 1.62e-14   0.000   15.20
P02810   4.677 -33.972 7.19e-16 3.97e-16 2.67e-16   0.001   11.46
P00151   4.877 -34.043 7.15e-17 5.57e-17 3.59e-17  -0.001   13.36
P05776   4.857 -34.542 6.67e-14 7.21e-14 5.26e-14  -0.000   12.31
P02067   4.914 -34.620 2.59e-16 1.66e-16 9.07e-17  -0.001   11.38
P02797   4.882 -34.470 1.04e-15 7.26e-16 3.41e-16  -0.000   11.71
P03407   4.978 -34.160 8.43e-14 5.73e-14 3.82e-14   0.001   11.67
P05267   5.036 -34.981 5.43e-16 2.84e-16 1.88e-16   0.001   14.02
P02293   4.961 -34.493 2.71e-16 1.70e-16 9.74e-17   0.002   12.20
P03400   4.990 -34.857 4.51e-14 2.08e-14 1.05e-14   0.001   13.61
P03934   5.113 -34.244 1.44e-15 8.16e-16 2.97e-16   0.000   11.98
P02701   5.191 -34.302 3.79e-14 1.95e-14 1.26e-14   0.001   12.13
P01164   5.184 -34.471 3.12e-17 2.86e-17 1.80e-17   0.002   12.42
P00457   5.206 -34.713 2.66e-16 1.53e-16 9.10e-17  -0.000   13.45
P04631   5.152 -31.955 9.09e-16 6.75e-16 2.47e-16   0.001   15.20
P00018   5.254 -33.684 1.13e-16 7.72e-17 3.78e-17  -0.000   13.92
P01876   5.332 -33.343 1.31e-16 9.62e-17 4.79e-17   0.001   14.36
P02005   5.353 -34.579 7.63e-14 6.86e-14 5.38e-14  -0.001   12.65
P04755   5.365 -33.296 5.00e-17 3.54e-17 2.12e-17  -0.000   14.51
P01032   5.293 -33.949 1.13e-17 9.25e-18 7.91e-18   0.000   13.42
P04556   5.373 -34.588 2.31e-16 1.45e-16 6.71e-17   0.000   12.78
P04782   5.448 -31.771 9.89e-14 8.28e-14 4.78e-14  -0.001   15.15
P00653   5.377 -35.241 7.58e-14 6.46e-14 4.96e-14   0.000   14.26
P03322   5.512 -34.553 4.00e-15 1.20e-14 2.56e-14   0.001   12.64
P05962   5.703 -34.994 1.13e-15 4.50e-15 1.40e-14   0.000   13.39
P00455   5.539 -33.489 9.69e-16 4.78e-16 2.55e-16  -0.001   14.00
P04143   5.553 -33.824 2.03e-15 1.30e-15 4.77e-16   0.001   12.95
P01845   5.568 -34.287 3.51e-14 5.53e-14 5.33e-14   0.000   12.71
P01435   5.492 -33.878 3.11e-15 1.58e-15 7.24e-16  -0.001   13.38
P00046   5.755 -34.004 9.46e-16 6.67e-16 2.45e-16   0.000   13.15
P05507   5.760 -33.907 4.28e-14 2.32e-14 9.80e-15   0.001   13.36
P03272   5.872 -31.802 5.02e-16 2.71e-16 1.43e-16   0.001   14.96
P05643   5.806 -34.413 2.32e-15 8.25e-15 1.95e-14   0.001   12.99
P05782   5.909 -34.779 5.33e-16 3.05e-16 1.54e-16   0.001   13.22
P00260   5.914 -33.334 2.03e-15 1.30e-15 5.98e-16   0.002   14.19
P04197   5.924 -34.736 1.85e-14 3.33e-14 4.42e-14   0.002   13.02
P02590   6.007 -33.954 5.50e-14 3.36e-14 1.43e-14   0.001   13.42
P00630   6.037 -34.645 7.15e-14 4.88e-14 2.27e-14  -0.000   13.12
P04026   6.055 -34.867 1.64e-16 1.07e-16 5.66e-17   0.002   13.44
P00587   6.190 -34.043 1.61e-16 1.05e-16 6.91e-17   0.002   13.34
P05057   6.357 -33.675 2.29e-17 1.94e-17 1.14e-17   0.001   13.91
P01881   6.361 -35.589 5.45e-17 3.43e-17 2.54e-17   0.001   14.35
P00785   6.433 -34.194 3.23e-14 1.77e-14 8.15e-15  -0.001   13.22
P03592   6.639 -32.064 2.25e-17 1.71e-17 1.37e-17   0.001   14.55
P04017   6.548 -32.920 2.43e-17 2.02e-17 1.14e-17   0.000   14.30
P03130   6.878 -35.266 4.44e-17 2.91e-17 1.80e-17   0.001   13.61
P00157   7.339 -31.600 1.25e-16 1.06e-16 4.81e-17   0.001   14.50
P00040   7.581 -34.010 5.64e-17 3.97e-17 2.07e-17   0.002   13.59
P01181   8.330 -33.677 1.72e-15 1.05e-15 3.60e-16   0.001   13.79
P01615   8.626 -36.469 3.32e-17 2.65e-17 1.62e-17   0.001   14.23
P06087   9.152 -35.183 2.34e-16 1.24e-16 7.14e-17   0.001   13.83
P02328   9.519 -34.126 1.49e-16 9.75e-17 5.73e-17   0.002   13.75
P02114  10.207 -35.416 6.34e-14 7.60e-14 4.34e-14  -0.000   13.88
P04886  11.700 -31.697 8.63e-14 4.67e-14 2.27e-14  -0.000   13.77
