x y flux0 flux1 flux2 width rv
 31.912  -6.955 3.51e-17 2.27e-17 1.88e-17 25.61 -1344.99
 32.021  -6.570 6.37e-17 3.98e-17 2.84e-17 25.56 -1345.03
 32.299  -6.631 5.48e-17 4.02e-17 2.01e-17 25.69 -1345.20
 32.347  -6.370 5.61e-17 3.58e-17 2.34e-17 39.22 -1344.90
 32.419  -6.216 5.86e-17 4.01e-17 3.65e-17 30.85 -1345.12
 32.521  -6.183 6.75e-17 4.32e-17 2.20e-17 23.12 -1345.05
 32.526  -6.488 6.51e-17 5.30e-17 3.39e-17 16.20 -1344.97
 32.551  -6.643 4.37e-17 4.95e-17 2.69e-17 25.58 -1344.98
 32.552  -6.556 4.18e-17 3.57e-17 2.54e-17 18.24 -1345.06
 32.566  -6.504 5.48e-17 3.55e-17 2.32e-17 38.56 -1345.01
 32.595  -6.627 6.09e-17 4.90e-17 2.63e-17 23.16 -1345.04
 32.597  -6.562 4.74e-17 2.48e-17 1.94e-17 11.06 -1345.00
 32.600  -6.559 4.81e-17 4.38e-17 2.80e-17 38.38 -1345.06
 32.606  -6.559 4.90e-17 2.78e-17 2.31e-17 20.50 -1344.84
 32.606  -6.563 6.91e-17 3.56e-17 3.94e-17 30.43 -1344.96
 32.609  -6.511 5.53e-17 4.21e-17 3.36e-17 19.89 -1345.21
 32.619  -6.575 4.16e-17 3.12e-17 2.76e-17 27.65 -1344.98
 32.625  -6.628 6.08e-17 3.66e-17 2.81e-17 31.62 -1345.17
 32.625  -6.486 7.23e-17 6.07e-17 3.33e-17 25.16 -1344.97
 32.637  -6.531 5.74e-17 4.77e-17 2.63e-17 23.62 -1345.04
 32.647  -6.434 5.07e-17 4.14e-17 3.13e-17 22.38 -1345.08
 32.691  -6.583 7.41e-17 4.36e-17 3.84e-17 24.80 -1345.03
 32.693  -6.581 3.84e-17 3.01e-17 1.78e-17 28.06 -1345.19
 32.751  -6.455 4.39e-17 2.49e-17 1.41e-17 28.42 -1345.04
 32.919  -6.901 6.17e-17 3.72e-17 2.94e-17 35.01 -1344.87
 32.976  -6.951 4.14e-17 3.35e-17 2.19e-17 27.16 -1344.84
 33.010  -6.651 5.43e-17 5.03e-17 3.21e-17 28.69 -1345.15
 39.834  -1.576 3.94e-16 2.52e-16 1.52e-16 76.23 -550.42
