name x y flux1 flux2 flux3 par rv
P03547  30.016  24.329 3.71e-17 2.58e-17 1.70e-17   0.001   14.11
P04552  30.098  24.008 1.88e-15 9.80e-16 3.68e-16   0.001   13.90
P00344  30.306  24.369 2.53e-17 1.80e-17 1.17e-17   0.001   14.31
P00615  30.182  24.252 1.05e-14 1.97e-14 2.48e-14  -0.001   14.21
P05060  30.364  24.494 2.45e-17 1.53e-17 1.07e-17   0.001   14.36
P03948  30.534  24.528 4.68e-17 3.41e-17 1.80e-17   0.000   14.37
P01990  30.416  25.856 4.30e-16 2.59e-16 1.27e-16  -0.001   12.31
P04637  30.521  24.395 4.22e-16 2.71e-16 1.19e-16   0.001   14.28
P01792  30.740  23.960 6.24e-16 3.14e-16 1.68e-16   0.000   13.39
P03775  30.657  24.815 3.79e-14 4.01e-14 2.98e-14  -0.001   13.87
P02879  30.619  26.025 8.93e-17 5.74e-17 3.04e-17   0.001   12.20
P06031  30.622  25.101 4.44e-14 3.88e-14 2.81e-14  -0.001   12.82
P00538  30.581  23.747 1.21e-16 7.78e-17 4.34e-17  -0.001   12.63
P00234  30.835  24.579 2.36e-14 1.08e-14 5.35e-15   0.001   14.86
P02629  30.734  24.077 7.35e-16 3.83e-16 1.91e-16   0.001   13.16
P01356  30.907  24.852 1.24e-17 1.04e-17 6.53e-18   0.002   14.48
P01979  30.805  24.560 8.95e-16 4.85e-16 2.04e-16   0.000   14.18
P02657  30.817  24.243 1.42e-17 1.15e-17 6.76e-18   0.001   13.45
P05519  30.808  24.384 3.62e-14 2.13e-14 1.31e-14  -0.001   14.59
P02388  30.828  24.661 9.46e-17 5.71e-17 3.15e-17   0.001   14.89
P04837  30.974  24.647 2.15e-14 9.82e-15 4.83e-15  -0.000   15.16
P00236  30.935  25.240 5.06e-14 2.99e-14 1.86e-14   0.000   13.06
P03331  30.897  24.740 1.04e-17 8.76e-18 5.96e-18   0.001   15.06
P03541  30.906  24.797 1.82e-16 1.06e-16 5.20e-17   0.001   13.40
P05190  31.013  25.067 1.57e-16 9.46e-17 5.18e-17   0.002   14.58
P05820  30.897  24.486 1.01e-15 5.39e-16 2.39e-16   0.001   15.13
P00533  31.080  24.733 4.08e-14 2.43e-14 1.22e-14   0.001   14.78
P01103  31.099  22.416 3.13e-14 1.50e-14 7.81e-15  -0.000   11.57
P06164  31.220  24.770 1.03e-16 5.72e-17 3.33e-17  -0.000   15.22
P04747  31.100  24.273 2.15e-14 1.13e-14 4.73e-15   0.000   12.75
P02653  31.199  24.867 2.15e-14 1.03e-14 4.89e-15  -0.000   15.75
P03534  31.151  24.509 2.33e-14 3.20e-14 2.93e-14  -0.000   13.86
P05222  31.156  24.944 4.91e-16 2.56e-16 1.31e-16   0.001   15.64
P02477  31.204  24.642 2.12e-17 1.44e-17 1.04e-17   0.001   14.52
P00593  31.217  24.751 2.67e-16 1.58e-16 7.35e-17  -0.000   14.71
P02817  31.068  25.345 2.68e-16 1.41e-16 8.81e-17  -0.001   12.43
P05313  31.297  24.499 5.14e-14 3.85e-14 2.49e-14  -0.000   16.18
P00599  31.251  24.881 1.71e-16 1.13e-16 6.30e-17  -0.001   14.20
P03125  31.199  24.979 1.91e-16 1.20e-16 6.72e-17   0.002   15.62
P04260  31.383  25.183 3.50e-14 1.81e-14 8.80e-15   0.000   12.33
P03662  31.265  24.560 2.41e-14 3.16e-14 2.92e-14   0.000   16.77
P03745  31.261  25.093 2.31e-15 1.20e-15 5.45e-16  -0.001   15.85
P00698  31.396  21.753 2.18e-17 1.51e-17 1.02e-17   0.001   11.26
P00192  31.265  24.906 2.03e-17 1.44e-17 9.34e-18   0.001   13.25
P05529  31.299  23.287 1.03e-16 6.70e-17 3.74e-17  -0.001   11.52
P04890  31.466  24.716 6.60e-17 4.60e-17 2.41e-17   0.001   17.04
P05178  31.412  24.881 6.75e-17 4.20e-17 2.62e-17  -0.000   16.96
P05068  31.382  24.949 3.29e-14 1.79e-14 9.11e-15   0.002   13.61
P03528  31.416  25.038 3.03e-17 2.21e-17 1.45e-17   0.002   14.29
P00931  31.461  24.429 1.56e-17 1.25e-17 8.28e-18   0.002   14.11
P00062  31.518  24.772 1.22e-15 5.96e-16 2.59e-16  -0.000   14.37
P00516  31.467  25.169 2.00e-16 1.24e-16 6.50e-17   0.001   12.14
P01558  31.275  25.186 1.30e-15 6.51e-16 3.08e-16   0.000   12.05
P03320  31.534  24.498 1.08e-15 5.86e-16 2.71e-16  -0.000   13.55
P05215  31.441  24.883 4.87e-17 3.42e-17 2.12e-17  -0.001   18.46
P01819  31.462  24.737 5.07e-16 2.72e-16 1.43e-16   0.001   15.24
P04572  31.473  25.171 4.29e-14 3.80e-14 2.85e-14   0.000   11.84
P02677  31.498  24.803 7.29e-17 4.19e-17 2.56e-17   0.001   16.77
P05157  31.477  24.708 3.82e-16 2.01e-16 1.00e-16   0.003   14.56
P06143  31.527  24.470 1.12e-15 5.80e-16 2.71e-16  -0.000   13.10
P00569  31.430  24.834 4.66e-14 3.76e-14 2.92e-14   0.000   13.92
P00990  31.622  26.599 5.50e-14 3.59e-14 2.04e-14  -0.001   11.62
P02619  31.374  24.634 6.66e-17 4.40e-17 2.64e-17   0.001   14.78
P03720  31.515  25.043 2.65e-15 1.27e-15 6.31e-16   0.002   11.75
P04084  31.536  24.547 2.62e-15 1.24e-15 4.91e-16   0.001   14.06
P04788  31.611  24.844 5.70e-17 4.10e-17 2.24e-17   0.001   18.02
P02530  31.601  25.100 4.62e-14 4.15e-14 2.85e-14   0.001   11.83
P01613  31.539  24.716 1.09e-17 9.82e-18 6.64e-18   0.001   25.74
P02936  31.437  24.753 4.05e-14 3.66e-14 3.21e-14   0.001   18.55
P04213  31.526  24.864 1.70e-17 1.23e-17 8.05e-18  -0.001  -11.70
P01526  31.604  24.170 1.83e-14 1.02e-14 4.46e-15  -0.001   11.43
P03095  31.507  24.702 1.94e-14 9.36e-15 4.41e-15   0.001    8.71
P01262  31.574  24.937 1.09e-15 5.62e-16 2.68e-16   0.001    2.74
P03146  31.788  24.974 2.60e-15 1.54e-15 6.17e-16  -0.001   10.29
P03815  31.709  24.095 3.68e-14 3.51e-14 2.61e-14   0.001   11.32
P03102  31.802  24.814 7.26e-17 4.77e-17 2.73e-17   0.002   10.17
P05564  31.695  24.848 1.04e-17 9.37e-18 6.28e-18   0.001    7.96
P02540  31.642  24.850 3.18e-17 2.10e-17 1.33e-17  -0.002    9.93
P01803  31.684  24.360 1.31e-15 7.00e-16 3.63e-16  -0.001   11.05
P03727  31.795  24.898 3.82e-14 2.51e-14 1.25e-14   0.001    7.55
P05214  31.889  24.964 8.61e-16 4.39e-16 1.94e-16   0.001    6.49
P05691  31.837  25.621 2.74e-16 1.63e-16 7.46e-17   0.001   11.18
P01860  31.880  25.181 1.48e-17 1.16e-17 7.82e-18   0.002   10.42
P00898  31.822  25.568 1.77e-17 1.51e-17 9.90e-18   0.000   11.07
P01630  31.892  24.881 3.16e-16 1.89e-16 9.08e-17  -0.000    7.12
P03126  31.951  24.612 1.96e-15 1.06e-15 4.81e-16   0.001    6.92
P03343  32.004  25.865 9.18e-16 4.75e-16 2.08e-16  -0.001   11.17
P03998  31.975  24.442 4.20e-16 2.27e-16 1.18e-16   0.000   10.81
P00978  31.843  23.876 4.85e-16 2.38e-16 1.27e-16   0.000   11.01
P05632  31.738  24.853 1.80e-15 6.19e-15 1.30e-14  -0.000    7.15
P02935  31.909  25.596 3.30e-14 1.71e-14 8.26e-15   0.001   10.95
P04298  31.911  24.546 7.93e-17 5.18e-17 2.76e-17   0.001   10.43
P01879  32.000  23.784 2.27e-15 9.84e-16 4.60e-16   0.002   11.07
P02564  31.926  24.892 3.54e-14 2.13e-14 9.49e-15  -0.000    8.47
P05130  32.009  24.773 2.86e-17 2.26e-17 1.21e-17   0.001    6.66
P02143  32.044  24.455 1.74e-16 1.01e-16 5.87e-17   0.001   10.66
P00163  32.103  24.653 3.83e-14 2.47e-14 1.27e-14  -0.000    8.97
P00195  32.191  25.007 4.19e-14 2.40e-14 1.11e-14  -0.001    7.65
P03457  32.213  25.223 2.16e-17 1.75e-17 1.04e-17   0.002    7.96
P04972  32.264  25.010 1.55e-17 1.11e-17 8.17e-18   0.002    7.67
P05156  32.215  25.306 1.09e-16 7.08e-17 3.81e-17   0.001    9.84
P00385  32.187  25.348 1.47e-17 1.11e-17 6.87e-18   0.000    8.51
P05340  32.309  24.954 7.08e-17 4.36e-17 2.46e-17   0.002    7.85
P03294  32.235  25.166 2.81e-17 2.13e-17 1.14e-17   0.000    7.83
P04636  32.195  25.085 4.16e-16 2.40e-16 1.15e-16   0.000    7.85
P00750  32.477  25.679 2.30e-16 1.26e-16 6.33e-17   0.001   10.29
P03235  32.308  25.231 2.64e-16 1.41e-16 7.34e-17   0.001    8.41
P06000  32.374  25.576 3.93e-17 2.55e-17 1.73e-17   0.002    9.92
P05644  32.453  24.682 6.03e-17 4.24e-17 2.16e-17  -0.000    8.87
P02729  32.332  25.573 9.23e-17 6.03e-17 3.20e-17  -0.001   10.27
P03356  32.301  22.838 6.37e-16 3.30e-16 1.57e-16   0.000   10.91
P00399  32.290  24.969 1.75e-15 9.07e-16 3.94e-16  -0.000    8.00
P02953  32.364  24.782 3.39e-16 1.77e-16 9.42e-17   0.001    8.49
P01301  32.447  24.377 2.25e-14 1.26e-14 5.42e-15   0.000   10.26
P05346  32.485  25.141 4.05e-14 2.25e-14 1.22e-14   0.002    8.13
P05056  32.471  24.578 1.33e-16 7.16e-17 4.33e-17  -0.000   10.03
P05741  32.449  24.922 1.55e-17 1.10e-17 7.13e-18  -0.001    8.56
P03824  32.506  23.821 8.53e-17 5.76e-17 3.27e-17   0.002   10.75
P01421  32.544  24.648 5.62e-16 2.81e-16 1.49e-16   0.002   10.02
P02446  32.614  25.821 1.33e-17 9.58e-18 6.44e-18   0.001   10.27
P03253  32.740  24.839 2.00e-15 1.12e-15 4.99e-16   0.001    9.28
P00232  32.545  25.982 9.14e-16 4.29e-16 1.93e-16   0.002   10.16
P00408  32.724  25.408 5.64e-17 4.07e-17 2.20e-17  -0.000    9.06
P03378  32.524  25.322 3.46e-14 3.39e-14 2.98e-14   0.001    9.04
P05601  32.736  25.406 6.81e-16 3.47e-16 1.83e-16   0.000    8.59
P01762  32.850  25.211 1.68e-16 9.38e-17 4.85e-17   0.001    8.57
P03070  32.888  24.651 2.82e-15 1.46e-15 6.15e-16  -0.000    9.73
P00267  33.201  27.432 5.31e-17 3.52e-17 2.08e-17   0.000   11.02
P03787  33.092  23.544 7.09e-15 1.41e-14 1.94e-14   0.000   10.52
P01823  33.094  25.257 1.59e-16 9.19e-17 5.28e-17  -0.000    8.84
P01244  33.222  23.937 2.16e-16 1.26e-16 6.22e-17   0.001   10.31
P01267  33.508  24.677 1.98e-16 1.11e-16 6.13e-17   0.002    9.69
P04244  33.669  25.735 5.06e-14 3.49e-14 2.61e-14   0.001    9.26
P04639  34.540  23.607 1.90e-14 1.02e-14 4.25e-15  -0.001   10.13
P01598  34.733  25.144 1.02e-15 4.99e-16 2.30e-16   0.000    9.36
P04424  34.628  26.540 2.79e-14 1.55e-14 7.03e-15   0.002    9.59
P02175  34.784  25.818 2.10e-16 1.26e-16 6.38e-17  -0.001    9.25
P04247  34.903  23.687 3.90e-17 2.74e-17 1.50e-17  -0.000    9.95
P04687  35.356  25.741 1.18e-15 5.39e-16 2.86e-16   0.000    9.26
P02476  35.660  25.424 4.90e-14 3.44e-14 1.88e-14  -0.001    9.29
P03451  36.292  26.761 1.06e-17 8.08e-18 5.98e-18   0.000    9.34
P01171  37.532  29.764 5.00e-14 2.58e-14 1.51e-14   0.000    9.96
