x y flux0 flux1 flux2 width rv
-33.285  26.835 5.14e-17 3.19e-17 2.39e-17 23.19 -1449.07
-33.149  27.952 3.90e-17 2.91e-17 1.90e-17 21.95 -1449.46
-32.903  27.670 4.44e-17 3.46e-17 2.62e-17 18.20 -1449.39
-32.779  27.796 5.50e-17 4.30e-17 2.39e-17 24.50 -1449.39
-32.706  27.703 6.84e-17 4.11e-17 2.62e-17 24.66 -1449.28
-32.663  27.786 4.86e-17 3.14e-17 1.85e-17 22.87 -1449.37
-32.657  27.534 2.97e-17 2.86e-17 1.70e-17 22.64 -1449.45
-32.613  27.632 3.59e-17 2.45e-17 1.80e-17 25.28 -1449.41
-32.608  28.138 3.58e-17 2.95e-17 1.75e-17 24.79 -1449.46
-32.608  27.702 3.56e-17 2.53e-17 1.97e-17 20.18 -1449.40
-32.600  27.690 5.62e-17 3.45e-17 2.21e-17 24.77 -1449.40
-32.594  27.547 6.60e-17 4.26e-17 2.69e-17 26.32 -1449.26
-32.593  27.785 5.06e-17 3.43e-17 2.15e-17 17.84 -1449.19
-32.586  27.679 4.70e-17 3.11e-17 2.05e-17 27.33 -1449.33
-32.583  27.702 4.93e-17 3.54e-17 2.64e-17 23.39 -1449.47
-32.583  27.681 6.04e-17 4.58e-17 3.46e-17 23.64 -1449.29
-32.577  27.674 4.83e-17 3.03e-17 2.14e-17 24.49 -1449.30
-32.566  27.717 4.52e-17 3.13e-17 2.32e-17 19.44 -1449.22
-32.556  27.629 6.38e-17 4.27e-17 3.32e-17 29.88 -1449.33
-32.543  27.781 3.88e-17 3.29e-17 2.43e-17 27.33 -1449.35
-32.542  27.313 3.38e-17 2.89e-17 2.10e-17 22.22 -1449.26
-32.532  27.674 4.51e-17 2.38e-17 1.92e-17 32.32 -1449.37
-32.480  27.862 4.74e-17 2.98e-17 2.14e-17 25.32 -1449.32
-32.444  27.628 4.82e-17 3.12e-17 2.45e-17 34.23 -1449.44
-32.413  27.617 5.10e-17 3.14e-17 2.30e-17 19.81 -1449.21
-32.268  27.743 3.93e-17 2.75e-17 2.01e-17 21.11 -1449.29
-32.203  27.577 7.22e-17 3.85e-17 2.98e-17 23.26 -1449.32
-32.100  28.109 4.64e-17 3.24e-17 2.18e-17 17.50 -1449.51
-32.083  27.153 6.00e-17 4.24e-17 2.78e-17 22.26 -1449.20
