x y flux0 flux1 flux2 width rv
 23.792  37.082 5.54e-17 3.86e-17 2.68e-17 30.48 -1170.66
 23.815  37.128 5.70e-17 4.30e-17 2.93e-17 25.61 -1170.43
 23.831  37.182 6.81e-17 5.43e-17 3.44e-17 19.88 -1170.53
 23.855  37.097 7.35e-17 4.17e-17 3.26e-17 24.80 -1170.53
 23.885  36.954 8.40e-17 5.90e-17 3.91e-17 40.61 -1170.38
 23.900  37.116 6.22e-17 5.57e-17 3.76e-17 40.48 -1170.46
 23.904  37.129 6.67e-17 4.78e-17 3.23e-17 21.81 -1170.58
 23.911  37.124 7.97e-17 4.86e-17 3.68e-17 20.94 -1170.61
 23.912  37.125 6.81e-17 4.78e-17 3.10e-17 30.58 -1170.50
 23.913  37.152 6.33e-17 5.52e-17 3.03e-17 19.81 -1170.70
 23.919  37.134 8.14e-17 5.89e-17 3.55e-17 25.44 -1170.60
 23.923  37.057 7.05e-17 4.71e-17 3.33e-17 32.29 -1170.42
 23.926  37.138 7.54e-17 4.23e-17 3.09e-17 28.13 -1170.53
 23.936  37.156 6.90e-17 4.45e-17 3.67e-17 25.84 -1170.58
 23.971  37.214 7.87e-17 5.37e-17 3.85e-17 36.52 -1170.50
 23.973  37.199 6.35e-17 4.07e-17 2.32e-17 37.00 -1170.46
 23.980  37.163 7.00e-17 4.61e-17 2.67e-17 25.01 -1170.40
