x y flux0 flux1 flux2 width rv
 35.095  42.757 1.60e-16 1.17e-16 7.72e-17 69.12 -597.33
 35.293  43.757 2.42e-16 1.97e-16 1.19e-16 54.10 -597.32
 35.338  43.707 2.84e-16 1.93e-16 1.33e-16 40.97 -597.07
 35.471  43.550 2.52e-16 1.71e-16 1.22e-16 50.10 -597.38
 35.656  42.964 2.40e-16 1.65e-16 1.16e-16 66.84 -597.30
 35.723  43.200 2.48e-16 1.80e-16 1.32e-16 47.84 -597.41
 35.748  43.337 2.91e-16 2.07e-16 1.33e-16 65.34 -597.24
 35.789  43.473 2.71e-16 1.94e-16 1.32e-16 49.21 -597.25
 35.867  43.598 2.54e-16 1.99e-16 1.48e-16 47.13 -597.20
 36.023  43.709 3.55e-16 2.82e-16 1.82e-16 54.53 -597.31
 36.070  42.857 2.30e-16 1.93e-16 1.22e-16 47.05 -597.18
 36.076  43.344 2.66e-16 2.03e-16 1.36e-16 46.89 -597.32
 36.092  43.432 1.79e-16 1.68e-16 9.96e-17 38.54 -597.31
 36.154  43.399 2.79e-16 2.11e-16 1.46e-16 49.12 -597.22
 36.161  43.455 2.25e-16 1.63e-16 1.13e-16 48.09 -597.09
 36.173  43.566 2.76e-16 2.23e-16 1.37e-16 55.16 -597.17
 36.205  44.108 2.35e-16 1.76e-16 1.42e-16 28.51 -597.11
 36.232  43.515 2.13e-16 1.72e-16 1.02e-16 32.81 -597.14
 36.238  43.463 2.07e-16 1.53e-16 1.13e-16 43.71 -597.29
 36.241  43.451 2.06e-16 1.38e-16 1.08e-16 60.62 -597.19
 36.259  43.354 3.00e-16 2.19e-16 1.34e-16 36.35 -597.11
 36.275  43.562 2.82e-16 1.88e-16 1.20e-16 47.20 -597.15
 36.280  43.613 2.54e-16 1.90e-16 1.32e-16 68.72 -597.17
 36.320  43.607 2.82e-16 2.31e-16 1.30e-16 63.43 -597.02
 36.320  43.791 2.33e-16 1.94e-16 1.31e-16 46.91 -597.20
 36.442  44.359 2.59e-16 1.87e-16 1.12e-16 51.20 -596.84
 36.487  42.477 1.83e-16 1.57e-16 1.16e-16 57.53 -597.05
 36.502  43.981 2.36e-16 2.15e-16 1.36e-16 61.07 -597.17
 40.087  38.211 4.57e-17 2.66e-17 2.17e-17 18.22 -1605.50
 40.173  37.735 4.32e-17 2.58e-17 2.08e-17 23.54 -1605.75
 40.250  37.970 4.03e-17 2.59e-17 2.08e-17 18.18 -1605.68
 40.254  38.018 3.09e-17 2.47e-17 1.75e-17 17.96 -1605.47
 40.280  37.958 3.99e-17 2.43e-17 1.84e-17 19.20 -1605.57
 40.282  38.015 2.92e-17 2.21e-17 1.49e-17 22.72 -1605.57
 40.293  38.015 4.33e-17 2.85e-17 1.95e-17 27.52 -1605.76
 40.305  38.092 2.64e-17 1.66e-17 1.27e-17 23.47 -1605.54
 40.312  38.049 4.58e-17 2.80e-17 2.24e-17 21.12 -1605.56
 40.316  38.161 3.39e-17 2.44e-17 1.71e-17 11.45 -1605.71
 40.320  38.082 4.57e-17 3.42e-17 2.03e-17 23.71 -1605.79
 40.326  38.172 2.86e-17 2.00e-17 1.43e-17 16.21 -1605.54
 40.330  38.126 3.00e-17 2.38e-17 1.70e-17 14.77 -1605.58
 40.334  38.165 2.93e-17 2.11e-17 1.75e-17 13.62 -1605.65
 40.336  38.055 2.92e-17 2.09e-17 1.51e-17 19.09 -1605.15
 40.340  38.051 4.07e-17 2.94e-17 1.77e-17 22.96 -1605.61
 40.343  38.076 2.72e-17 1.88e-17 1.16e-17 21.83 -1605.55
 40.345  38.007 3.86e-17 3.04e-17 1.66e-17 21.18 -1605.43
 40.345  38.074 3.89e-17 3.05e-17 1.70e-17 30.18 -1605.79
 40.354  38.113 4.49e-17 3.34e-17 2.04e-17 20.04 -1605.72
 40.355  38.085 3.66e-17 3.31e-17 2.22e-17 21.26 -1605.32
 40.378  38.138 5.02e-17 3.97e-17 2.59e-17 18.89 -1605.41
 40.380  38.107 3.41e-17 2.17e-17 1.63e-17 26.68 -1605.64
 40.499  38.202 2.52e-17 1.84e-17 1.32e-17 26.55 -1605.62
 40.500  38.158 3.89e-17 2.84e-17 1.64e-17 14.77 -1605.52
 40.696  38.477 2.85e-17 1.96e-17 1.31e-17 24.30 -1605.56
