name x y flux1 flux2 flux3 par rv
P02464  30.785 -24.203 2.23e-15 8.77e-16 4.88e-16   0.000   11.03
P01548  42.296 -16.091 3.06e-14 4.00e-14 5.23e-14   0.001    6.91
P01969  42.494 -17.184 4.80e-15 2.11e-15 9.25e-16  -0.000    6.91
P02426  43.354 -16.331 6.73e-14 4.51e-14 2.44e-14   0.001    6.50
P02441  44.329 -16.156 1.14e-16 8.11e-17 4.36e-17   0.001    6.13
P02496  44.290 -19.462 1.36e-16 9.63e-17 5.37e-17   0.001    6.54
P00222  44.454 -15.669 1.90e-17 1.32e-17 8.92e-18  -0.001    5.95
P00140  44.556 -15.022 4.45e-14 5.97e-14 4.74e-14   0.000    5.87
P04861  44.536 -16.523 3.98e-17 2.87e-17 1.93e-17   0.000    5.95
P04044  44.957 -15.542 1.36e-17 1.18e-17 7.97e-18   0.000    5.70
