name x y flux1 flux2 flux3 par rv
P00479 -42.658 -41.380 2.13e-12 9.50e-13 5.80e-13   0.036   -9.61
P04676 -41.007 -44.561 4.07e-13 1.90e-12 6.54e-12   0.013   -9.78
P05941 -40.500 -44.554 5.01e-12 2.35e-12 1.10e-12   0.020   -9.67
P04962 -40.163 -42.726 1.28e-16 5.46e-17 2.79e-17   0.004   -9.50
P02341 -40.148 -44.454 4.58e-14 4.34e-14 2.53e-14   0.025   -9.57
P03324 -39.182 -44.491 1.27e-12 7.68e-13 4.59e-13   0.035   -9.42
P04857 -39.234 -42.163 2.37e-13 1.20e-13 7.13e-14   0.014   -9.27
P04568 -39.081 -44.004 1.89e-12 1.11e-12 4.56e-13   0.024   -9.43
P00166 -38.963 -32.557 2.67e-15 3.02e-15 2.90e-15   0.023   -8.11
P05492 -36.079 -41.865 5.65e-13 4.20e-13 2.66e-13   0.059   -8.53
P01083 -35.725 -35.041 1.54e-13 1.49e-12 5.79e-12   0.022   -7.85
P05396 -33.742 -33.169 6.72e-14 5.56e-14 3.28e-14   0.025   -7.29
