name x y flux1 flux2 flux3 par rv
P04414 -28.619  31.234 2.18e-14 1.34e-14 6.90e-15   0.004    6.12
P05676 -27.498  30.271 1.73e-14 1.23e-14 7.80e-15   0.013    5.86
P03244 -20.533  42.721 1.06e-15 5.64e-16 2.75e-16   0.000    5.97
P04404 -20.206  43.292 3.07e-16 1.86e-16 9.64e-17   0.001    6.02
P05697 -17.936  43.796 3.02e-15 1.54e-15 7.00e-16   0.001    5.60
P06014 -16.427  42.998 3.52e-16 2.13e-16 1.07e-16  -0.001    5.07
P03651 -16.490  44.558 3.26e-17 2.52e-17 1.55e-17   0.000    5.56
P03487 -15.973  43.429 8.67e-17 6.08e-17 3.44e-17   0.000    4.92
P04548 -15.886  43.560 1.52e-15 7.85e-16 3.83e-16  -0.000    4.97
P05551 -15.539  44.412 1.67e-15 8.88e-16 4.34e-16   0.002    5.28
P00486 -15.406  44.392 1.82e-15 9.71e-16 4.60e-16  -0.000    5.19
P02309 -15.110  41.682 5.36e-16 3.17e-16 1.62e-16   0.001    4.41
