x y flux0 flux1 flux2 width rv
 29.013  37.525 1.79e-17 1.25e-17 9.62e-18 15.39 -2038.74
 29.033  37.487 2.74e-17 1.91e-17 1.32e-17 16.64 -2038.82
 29.052  37.449 3.15e-17 2.42e-17 1.55e-17 16.14 -2038.96
 29.065  37.475 2.69e-17 1.78e-17 1.29e-17 14.62 -2038.78
 29.071  37.592 1.87e-17 1.53e-17 1.01e-17 22.13 -2038.84
 29.075  37.520 2.51e-17 1.64e-17 1.19e-17 14.30 -2038.93
 29.078  37.702 2.64e-17 1.93e-17 1.24e-17 13.38 -2038.93
 29.080  37.542 2.43e-17 1.81e-17 1.29e-17 15.06 -2038.76
 29.086  37.636 2.30e-17 1.47e-17 9.51e-18 17.59 -2038.83
 29.090  37.552 2.44e-17 1.86e-17 1.25e-17 21.80 -2038.79
 29.092  37.523 2.85e-17 2.07e-17 1.52e-17 13.16 -2038.78
 29.097  37.574 2.38e-17 1.85e-17 1.29e-17 18.36 -2038.79
 29.098  37.561 1.90e-17 1.46e-17 9.51e-18 18.40 -2038.81
 29.100  37.554 2.39e-17 1.56e-17 1.05e-17 20.70 -2039.08
 29.101  37.544 1.99e-17 1.67e-17 9.89e-18 25.40 -2039.01
 29.107  37.545 2.24e-17 1.75e-17 1.10e-17 18.77 -2039.04
 29.117  37.519 2.32e-17 1.82e-17 1.14e-17 17.68 -2038.75
 29.117  37.547 2.80e-17 1.67e-17 1.28e-17 22.76 -2038.83
 29.118  37.540 2.84e-17 1.93e-17 1.25e-17 17.26 -2038.90
 29.120  37.641 2.44e-17 1.81e-17 1.08e-17 12.27 -2038.84
 29.121  37.610 2.23e-17 1.48e-17 1.07e-17 15.54 -2038.94
 29.124  37.581 1.90e-17 1.19e-17 9.93e-18 13.88 -2039.03
 29.124  37.555 2.66e-17 1.61e-17 1.19e-17 16.50 -2038.84
 29.128  37.584 2.18e-17 1.64e-17 1.20e-17 14.53 -2038.91
 29.130  37.512 2.32e-17 1.83e-17 1.01e-17 19.17 -2038.83
 29.134  37.551 1.89e-17 1.45e-17 9.28e-18 14.74 -2038.82
 29.149  37.554 1.98e-17 1.49e-17 9.53e-18 13.49 -2038.67
 29.150  37.524 1.66e-17 1.32e-17 8.00e-18 19.34 -2038.84
 29.150  37.568 1.89e-17 1.36e-17 8.65e-18 18.91 -2039.03
 29.349  37.637 2.29e-17 1.60e-17 1.04e-17 19.95 -2038.84
