name x y flux1 flux2 flux3 par rv
P00632 -29.630  15.879 3.00e-16 1.90e-16 1.03e-16   0.001    5.54
P04780 -28.286  20.538 2.82e-14 2.80e-14 1.95e-14   0.038    4.47
P03440 -26.727  21.815 3.05e-17 2.15e-17 1.26e-17  -0.001    3.63
P03241 -26.185  15.650 2.20e-15 1.32e-15 5.96e-16   0.001    5.25
P00042 -25.871  16.449 4.12e-16 2.54e-16 1.32e-16   0.000    5.07
P00364 -25.710  15.193 2.49e-16 1.64e-16 9.08e-17   0.000    4.95
P05845 -25.162  15.537 2.31e-16 1.53e-16 8.05e-17   0.001    5.20
P04035 -25.296  15.669 5.90e-15 2.94e-15 1.18e-15   0.001    5.30
P05493 -24.996  15.605 1.94e-17 1.72e-17 1.29e-17  -0.000    5.42
P02840 -25.026  15.560 1.40e-13 1.09e-13 6.49e-14   0.001    5.55
P01106 -24.762  15.631 1.35e-15 7.25e-16 3.64e-16   0.001    5.68
P00196 -24.646  15.847 6.28e-14 3.54e-14 1.49e-14   0.002    4.45
P01775 -24.754  15.132 1.20e-13 1.03e-13 6.85e-14   0.001    4.44
P02478 -24.523  15.476 3.99e-16 2.20e-16 1.39e-16   0.000    5.49
P03807 -24.606  15.848 1.12e-15 6.28e-16 3.18e-16   0.001    5.40
P04661 -24.395  15.207 8.71e-14 9.39e-14 8.95e-14  -0.000    5.46
P05833 -24.436  16.026 3.29e-16 1.98e-16 1.11e-16   0.001    5.50
P04343 -24.369  15.676 4.98e-17 3.84e-17 2.39e-17   0.000    5.92
P03079 -24.326  15.867 1.34e-13 1.14e-13 7.66e-14   0.001    5.94
P02491 -24.345  15.816 5.32e-16 3.40e-16 1.69e-16   0.000    5.43
P04309 -24.194  15.917 6.42e-14 3.26e-14 1.64e-14   0.001    5.63
P05790 -24.197  15.739 5.65e-14 2.66e-14 1.29e-14   0.001    5.75
P04986 -24.055  15.723 6.69e-14 3.27e-14 1.50e-14   0.000    5.63
P01378 -24.331  16.149 6.49e-17 5.20e-17 3.02e-17  -0.001    5.80
P01375 -24.073  15.469 3.77e-15 1.90e-15 8.88e-16   0.000    5.96
P01162 -23.912  16.095 1.78e-17 1.55e-17 1.16e-17   0.001    4.38
P00493 -23.897  15.362 2.28e-16 1.57e-16 8.43e-17   0.002    5.35
P02851 -23.914  15.904 1.30e-15 6.74e-16 3.46e-16   0.001    4.64
P05808 -23.778  15.435 1.09e-13 1.10e-13 8.05e-14   0.001    6.45
P02453 -23.655  15.111 4.72e-16 2.85e-16 1.45e-16   0.002    3.89
P00507 -23.841  15.680 2.29e-15 1.17e-15 5.49e-16   0.002    6.46
P05840 -23.776  15.874 3.48e-16 2.08e-16 1.14e-16   0.001    4.40
P00537 -23.768  15.941 5.73e-16 3.42e-16 1.82e-16   0.000    4.28
P05034 -23.730  16.441 1.30e-15 7.34e-16 3.41e-16   0.002    3.51
P01114 -23.637  15.714 8.44e-14 9.69e-14 8.75e-14   0.000    5.77
P00262 -23.710  15.296 4.79e-16 2.64e-16 1.47e-16   0.001    6.17
P05513 -23.556  15.072 6.87e-17 4.85e-17 3.03e-17   0.001    4.26
P05446 -23.481  15.015 1.08e-15 5.18e-16 2.82e-16   0.002    3.60
P04127 -23.583  15.336 7.59e-17 6.19e-17 3.44e-17   0.000    4.17
P05769 -23.431  15.666 1.11e-17 1.05e-17 7.56e-18   0.000    5.31
P05295 -23.498  15.243 4.05e-14 6.75e-14 8.49e-14   0.001    6.49
P04163 -23.485  15.550 1.43e-15 8.16e-16 4.18e-16   0.000    5.86
P04660 -23.562  15.534 4.90e-17 3.90e-17 2.50e-17   0.001    7.10
P02225 -23.262  15.797 1.37e-15 7.61e-16 3.89e-16   0.003    4.57
P05841 -23.363  15.284 1.14e-16 6.91e-17 4.34e-17  -0.002    7.38
P01295 -23.361  15.640 8.15e-14 5.30e-14 2.40e-14   0.001    7.11
P02181 -23.195  16.560 1.54e-17 1.23e-17 9.66e-18   0.003    3.09
P02381 -23.075  15.532 4.26e-15 2.17e-15 9.97e-16   0.002    5.50
P01718 -23.201  15.354 3.31e-16 2.01e-16 1.11e-16   0.001    6.35
P00129 -23.171  15.208 5.19e-15 2.63e-15 1.07e-15   0.001    4.43
P02962 -23.107  15.773 8.02e-16 4.45e-16 2.17e-16   0.002    8.52
P00103 -23.063  15.748 1.03e-17 1.09e-17 7.01e-18   0.001    5.46
P02532 -23.064  16.053 8.54e-14 4.69e-14 2.19e-14   0.000    3.37
P04150 -22.985  15.388 5.09e-14 2.82e-14 1.24e-14   0.001    8.62
P01665 -23.101  15.986 1.04e-17 9.75e-18 7.41e-18  -0.001    3.22
P04345 -22.912  15.034 4.72e-15 2.37e-15 9.74e-16  -0.000    3.12
P00413 -22.902  15.528 6.32e-16 3.76e-16 1.97e-16   0.001    8.08
P04908 -22.983  15.333 1.11e-13 6.85e-14 3.88e-14  -0.000    7.40
P02847 -22.921  15.915 8.25e-15 3.94e-15 1.87e-15  -0.000    2.88
P00359 -22.947  15.333 1.40e-16 1.03e-16 6.47e-17  -0.001   10.43
P01678 -22.890  15.546 1.55e-15 7.90e-16 4.10e-16   0.001   11.01
P05319 -22.813  15.926 5.10e-15 2.67e-15 1.13e-15   0.001    2.87
P00004 -22.978  15.485 7.76e-16 4.47e-16 2.25e-16   0.002   10.91
P03508 -22.788  16.170 2.72e-16 1.72e-16 9.38e-17  -0.001    2.71
P02487 -22.833  15.411 8.20e-14 4.19e-14 2.16e-14   0.001    9.55
P00356 -22.789  15.217 1.86e-16 1.24e-16 6.87e-17  -0.001    3.57
P04725 -22.723  15.191 1.20e-15 6.25e-16 3.29e-16  -0.000    3.01
P04590 -22.915  15.996 4.96e-16 2.81e-16 1.52e-16   0.001    3.31
P05481 -22.738  15.499 5.01e-15 2.43e-15 1.11e-15  -0.000   16.06
P05293 -22.810  15.343 3.53e-16 2.31e-16 1.23e-16   0.001    2.90
P00645 -22.784  15.398 1.11e-15 6.32e-16 3.24e-16   0.002   12.52
P03688 -22.865  15.605 1.42e-15 7.31e-16 3.89e-16   0.001    2.92
P00914 -22.678  15.421 7.52e-14 3.79e-14 1.93e-14  -0.001    3.60
P03726 -22.748  15.447 1.02e-16 7.56e-17 4.36e-17   0.003   21.09
P00637 -22.754  15.397 7.10e-17 5.17e-17 3.26e-17   0.000    7.29
P05489 -22.711  15.515 8.07e-15 3.88e-15 1.69e-15   0.000   12.71
P01387 -22.772  15.375 3.88e-16 2.39e-16 1.28e-16   0.000    3.10
P04159 -22.725  15.479 9.41e-14 5.39e-14 2.69e-14   0.001   11.38
P01561 -22.765  15.631 7.95e-14 3.99e-14 2.03e-14   0.001    2.91
P03625 -22.757  15.434 1.80e-17 1.45e-17 1.14e-17   0.000   18.74
P00050 -22.848  15.171 6.28e-15 3.08e-15 1.47e-15   0.001    8.19
P04592 -22.817  15.457 1.16e-17 1.07e-17 7.60e-18   0.002    2.45
P00341 -22.758  15.559 1.15e-15 5.81e-16 2.89e-16   0.000  -58.36
P04816 -22.747  15.529 4.50e-16 2.86e-16 1.39e-16   0.000    2.51
P02270 -22.773  15.467 1.12e-15 6.72e-16 3.47e-16   0.002    1.59
P04757 -22.685  15.383 1.16e-17 1.12e-17 7.56e-18  -0.001    2.05
P03202 -22.799  15.181 2.14e-15 1.15e-15 5.61e-16   0.000    2.52
P03196 -22.567  15.319 4.22e-17 3.17e-17 2.02e-17   0.002   -0.12
P03871 -22.751  15.423 8.07e-14 3.94e-14 1.90e-14   0.000   -1.17
P04979 -22.754  15.439 1.54e-17 1.40e-17 1.03e-17  -0.000  -12.16
P01643 -22.679  15.556 7.79e-17 6.08e-17 3.44e-17   0.003    1.66
P05915 -22.945  15.404 1.24e-16 8.34e-17 4.60e-17   0.001   -5.12
P00078 -22.657  15.464 1.15e-15 6.69e-16 3.27e-16   0.001  -11.04
P04511 -22.597  15.412 6.91e-14 3.48e-14 1.67e-14  -0.001  -11.36
P01506 -22.588  15.157 7.63e-14 3.87e-14 2.06e-14   0.000    1.93
P06140 -22.565  15.520 4.00e-17 3.38e-17 2.19e-17   0.001   -7.85
P01339 -22.522  15.422 3.41e-15 1.77e-15 7.93e-16   0.000   -3.50
P02316 -22.571  15.587 3.10e-14 5.32e-14 7.02e-14   0.003    1.41
P01077 -22.539  15.593 9.18e-17 5.95e-17 3.81e-17   0.002   -1.30
P04648 -22.615  15.396 1.30e-17 1.29e-17 9.00e-18   0.000   -5.85
P06081 -22.524  15.208 7.47e-17 5.33e-17 3.31e-17  -0.000    1.29
P02036 -22.498  15.494 5.15e-14 2.85e-14 1.21e-14   0.002   -5.16
P05633 -22.495  15.502 3.29e-16 2.02e-16 1.09e-16   0.002   -0.26
P03474 -22.556  15.374 2.04e-15 1.24e-15 5.61e-16   0.001   -3.18
P02828 -22.524  15.758 1.19e-15 7.09e-16 3.33e-16   0.002   -0.33
P04585 -22.556  15.366 5.86e-16 3.65e-16 1.87e-16   0.002    0.52
P05398 -22.465  15.154 3.32e-15 1.87e-15 8.17e-16  -0.000    1.15
P03668 -22.376  15.102 6.15e-14 3.41e-14 1.53e-14  -0.000    1.30
P03286 -22.430  15.309 3.00e-15 1.58e-15 7.72e-16   0.001   -1.78
P04388 -22.308  15.214 3.03e-16 1.96e-16 1.01e-16  -0.001    0.31
P01446 -22.474  15.500 1.10e-15 6.15e-16 3.27e-16   0.000   -3.48
P02052 -22.358  15.151 5.77e-16 3.30e-16 1.64e-16   0.000   -0.32
P05719 -22.380  15.742 1.51e-13 1.15e-13 6.37e-14   0.002    1.53
P05143 -22.118  15.519 6.11e-14 3.23e-14 1.45e-14  -0.000   -2.59
P00665 -22.215  15.514 1.59e-16 1.15e-16 6.69e-17   0.001   -0.68
P05138 -22.331  15.412 2.06e-17 1.65e-17 1.18e-17   0.001   -3.17
P04510 -22.256  15.579 1.93e-16 1.40e-16 7.31e-17   0.001    0.19
P00781 -22.295  15.149 1.34e-15 7.80e-16 3.88e-16   0.002    0.81
P01938 -22.344  15.411 3.69e-17 3.14e-17 1.94e-17  -0.001   -2.99
P01925 -22.193  15.439 3.82e-15 1.91e-15 8.96e-16  -0.001   -1.81
P04085 -22.346  15.754 7.86e-14 4.24e-14 1.90e-14   0.002    0.70
P00690 -22.331  15.672 1.38e-13 1.02e-13 5.66e-14  -0.001    1.06
P01322 -22.101  25.238 4.45e-14 2.66e-14 1.39e-14   0.008    4.01
P03484 -22.194  15.114 2.59e-17 2.18e-17 1.45e-17   0.002    1.15
P03699 -22.093  15.157 6.15e-14 3.16e-14 1.37e-14   0.002    0.27
P05237 -22.153  15.357 1.07e-13 6.17e-14 3.48e-14   0.001   -1.92
P05029 -22.159  15.240 1.12e-13 1.03e-13 7.87e-14   0.001   -1.81
P03722 -22.091  15.904 6.27e-17 5.41e-17 2.90e-17   0.001    0.57
P05448 -22.072  16.378 5.32e-16 3.35e-16 1.59e-16  -0.000    2.08
P02450 -22.058  16.024 1.24e-13 7.60e-14 3.89e-14   0.001    1.82
P01094 -22.035  15.215 7.46e-14 3.77e-14 1.85e-14   0.001   -1.10
P00574 -22.073  15.427 1.07e-16 7.01e-17 4.41e-17   0.001   -1.67
P04495 -21.996  16.392 1.88e-17 1.72e-17 1.25e-17   0.002    2.25
P04021 -22.025  15.587 1.28e-17 1.23e-17 8.20e-18   0.003   -1.52
P03629 -21.891  15.313 4.58e-17 3.42e-17 2.16e-17  -0.001   -0.80
P01940 -21.963  15.130 5.37e-17 4.22e-17 2.66e-17   0.001   -0.35
P00838 -21.799  15.744 2.63e-16 1.57e-16 8.84e-17  -0.001    0.72
P00169 -21.818  15.327 3.39e-16 2.16e-16 1.18e-16   0.002   -0.37
P03132 -21.681  15.537 1.10e-17 1.05e-17 6.64e-18   0.002   -1.49
P01364 -21.702  15.415 2.71e-15 1.43e-15 6.20e-16   0.001   -1.48
P03381 -21.680  15.704 4.29e-16 2.65e-16 1.26e-16   0.002   -1.14
P03028 -21.614  15.561 7.93e-14 4.68e-14 2.22e-14   0.002   -1.02
P06108 -21.260  15.078 6.91e-14 3.81e-14 1.82e-14  -0.000   -0.26
P03634 -21.364  15.047 8.70e-15 3.83e-15 1.73e-15   0.001   -0.72
P03014 -21.263  15.392 1.22e-16 8.28e-17 4.63e-17   0.001   -0.67
P05210 -21.217  15.136 5.50e-16 2.99e-16 1.74e-16   0.000   -0.22
P01231 -21.144  16.450 1.30e-13 1.29e-13 9.98e-14   0.003    1.67
P03602 -20.745  15.890 3.95e-17 2.91e-17 1.94e-17   0.000    0.57
P02315 -20.904  15.827 1.14e-13 6.93e-14 3.97e-14   0.002    0.38
P03830 -20.827  15.114 1.52e-16 1.05e-16 5.61e-17   0.001   -0.34
P04818 -20.701  18.048 3.17e-13 1.91e-13 1.11e-13   0.028    2.44
P03158 -20.521  15.161 2.27e-17 1.93e-17 1.31e-17   0.003   -0.24
P00474 -20.354  15.788 5.80e-16 3.30e-16 1.83e-16   0.000    0.97
P04079 -20.232  15.495 7.06e-16 4.53e-16 2.18e-16   0.003   -0.29
P05642 -19.977  16.251 1.42e-16 9.54e-17 6.15e-17   0.000    0.92
P00414 -19.957  15.664 4.34e-17 3.35e-17 2.54e-17   0.000    0.20
P00019 -19.649  26.174 8.06e-15 6.73e-15 4.10e-15   0.014    3.66
P03578 -19.831  24.358 1.19e-15 1.24e-15 9.64e-16   0.010    3.40
P04719 -19.604  24.283 3.24e-15 2.75e-15 1.82e-15   0.008    3.40
P06174 -19.307  15.760 2.02e-15 1.05e-15 5.54e-16  -0.000    0.11
P03714 -19.334  23.935 1.72e-15 1.97e-15 1.92e-15   0.021    3.28
P04342 -18.775  24.245 4.53e-14 2.63e-14 1.24e-14   0.004    3.17
P00161 -18.534  15.816 1.98e-16 1.44e-16 8.06e-17  -0.000    0.22
P00514 -18.586  15.369 1.06e-16 7.14e-17 4.39e-17   0.003   -0.23
P03973 -17.610  25.419 9.78e-12 5.04e-12 2.18e-12   0.030    3.07
P05032 -16.573  18.778 7.10e-13 4.80e-13 2.96e-13   0.063    1.82
P04243 -15.962  21.856 7.29e-10 4.04e-10 1.88e-10   0.069    2.15
