name x y flux1 flux2 flux3 par rv
P00702  22.670 -23.647 4.38e-13 3.43e-13 2.18e-13   0.031  -13.18
P00740  25.878 -16.094 3.49e-13 2.30e-13 1.02e-13   0.005  -12.90
P05873  26.075 -25.340 8.91e-15 1.89e-14 2.89e-14   0.001  -12.86
P01006  28.870 -18.633 2.06e-13 9.38e-14 6.30e-14   0.012  -13.59
P00727  29.359 -21.530 5.01e-11 8.89e-11 1.07e-10   0.030  -13.87
P02812  29.567 -24.204 2.82e-16 1.69e-16 8.31e-17  -0.002  -12.88
P01086  29.736 -24.823 7.50e-14 5.83e-14 3.63e-14   0.000  -12.78
P05258  29.858 -24.147 1.37e-16 9.96e-17 4.93e-17  -0.001  -12.85
P03606  29.964 -15.184 4.68e-14 3.27e-14 2.11e-14   0.023  -13.22
