x y flux0 flux1 flux2 width rv
 21.725   2.030 7.73e-17 5.68e-17 3.32e-17 28.36 -1231.47
 21.881   1.821 4.91e-17 2.90e-17 2.30e-17 31.11 -1231.40
 21.882   1.770 4.53e-17 3.59e-17 2.88e-17 38.75 -1231.67
 21.894   2.007 6.26e-17 3.83e-17 2.97e-17 18.21 -1231.46
 21.931   1.802 6.54e-17 4.91e-17 2.83e-17 29.71 -1231.57
 21.954   1.884 6.16e-17 3.52e-17 3.04e-17 34.93 -1231.48
 21.959   1.848 5.95e-17 4.78e-17 3.89e-17 38.98 -1231.44
 21.961   1.705 4.77e-17 3.47e-17 2.48e-17 20.14 -1231.53
 21.967   1.824 5.93e-17 3.99e-17 3.17e-17 31.08 -1231.34
 21.981   2.115 8.19e-17 5.20e-17 3.47e-17 23.18 -1231.42
 21.983   1.882 6.17e-17 4.41e-17 2.71e-17 23.82 -1231.52
 21.998   1.827 5.65e-17 5.06e-17 3.82e-17 35.61 -1231.43
 22.000   1.833 6.61e-17 4.75e-17 2.68e-17 44.09 -1231.45
 22.003   1.894 6.20e-17 5.54e-17 3.13e-17 39.65 -1231.48
 22.005   1.840 5.41e-17 3.24e-17 2.35e-17 26.14 -1231.54
 22.019   1.811 9.06e-17 5.87e-17 4.89e-17 42.54 -1231.54
 22.019   1.790 7.43e-17 5.26e-17 3.00e-17 22.21 -1231.43
 22.029   1.837 6.53e-17 4.99e-17 3.12e-17 32.98 -1231.35
 22.058   1.866 8.84e-17 4.41e-17 3.65e-17 27.21 -1231.44
 22.062   1.855 8.85e-17 3.91e-17 2.52e-17 30.33 -1231.42
 22.141   1.815 6.65e-17 5.71e-17 2.49e-17 34.00 -1231.47
 22.316   1.719 7.50e-17 6.46e-17 3.77e-17 28.93 -1231.38
