name x y flux1 flux2 flux3 par rv
P01934  31.531  19.374 2.29e-15 2.37e-15 2.10e-15   0.020   13.97
P02184  31.893  20.050 5.02e-16 5.19e-16 4.99e-16   0.011   14.17
P04353  32.707  25.313 2.15e-10 1.12e-10 5.46e-11   0.040   14.47
P04733  33.722  22.494 7.33e-17 4.10e-17 1.98e-17   0.008   14.51
P02150  33.851  22.463 8.51e-15 6.44e-15 4.19e-15   0.007   14.63
P01737  37.389  21.414 8.58e-14 5.47e-14 3.62e-14   0.025   14.71
P00707  38.572  24.529 3.07e-14 2.96e-14 2.28e-14   0.040   14.94
P01232  41.001  28.856 1.55e-13 1.14e-13 7.09e-14   0.034   15.52
P01903  41.616  16.908 5.55e-15 2.71e-15 1.21e-15   0.055   14.37
P00277  42.393  23.680 7.68e-11 5.34e-11 2.96e-11   0.018   15.36
