x y flux0 flux1 flux2 width rv
 -0.691  20.622 4.06e-17 3.12e-17 1.68e-17 18.63 -1804.18
 -0.409  20.626 3.82e-17 2.55e-17 1.57e-17 18.34 -1804.16
 -0.281  20.343 3.21e-17 2.03e-17 1.68e-17 20.87 -1804.46
 -0.222  20.610 3.42e-17 2.16e-17 1.45e-17 18.75 -1804.39
 -0.168  20.492 3.57e-17 2.54e-17 1.73e-17 17.56 -1804.08
 -0.167  20.539 2.80e-17 1.89e-17 1.53e-17 19.06 -1804.38
 -0.105  20.564 2.16e-17 1.67e-17 1.16e-17 14.80 -1804.54
 -0.103  20.577 2.56e-17 1.47e-17 1.08e-17 18.49 -1804.36
 -0.100  20.538 3.23e-17 2.54e-17 1.37e-17 16.50 -1804.28
 -0.094  20.401 2.86e-17 1.73e-17 1.25e-17 11.41 -1804.38
 -0.077  20.545 3.04e-17 2.79e-17 2.01e-17 20.15 -1804.36
 -0.066  20.571 2.61e-17 1.70e-17 1.13e-17 14.63 -1804.48
 -0.058  20.577 2.59e-17 2.21e-17 1.23e-17 18.81 -1804.56
 -0.050  20.561 3.05e-17 2.51e-17 1.51e-17 18.14 -1804.36
 -0.048  20.499 3.07e-17 2.52e-17 1.64e-17 14.93 -1804.35
 -0.046  20.571 3.68e-17 2.17e-17 1.33e-17 21.35 -1804.44
 -0.045  20.568 3.36e-17 2.27e-17 1.40e-17 18.95 -1804.20
 -0.041  20.593 3.73e-17 2.18e-17 1.59e-17 17.23 -1804.38
 -0.041  20.582 2.38e-17 1.57e-17 1.15e-17 18.34 -1804.27
 -0.037  20.562 2.56e-17 1.90e-17 1.55e-17 24.78 -1804.48
 -0.028  20.634 2.91e-17 2.13e-17 1.56e-17 23.13 -1804.32
 -0.028  20.536 2.60e-17 1.83e-17 1.38e-17 15.17 -1804.26
 -0.027  20.587 3.19e-17 1.82e-17 1.23e-17 10.78 -1804.18
 -0.026  20.607 3.40e-17 2.15e-17 1.66e-17 19.67 -1804.28
 -0.011  20.544 3.65e-17 2.82e-17 1.72e-17 15.52 -1804.36
