x y flux0 flux1 flux2 width rv
  7.608  40.665 2.50e-17 1.79e-17 1.07e-17 16.97 -1939.16
  7.647  40.691 2.31e-17 1.79e-17 9.86e-18 26.47 -1939.22
  7.654  40.694 2.86e-17 2.40e-17 1.49e-17 19.97 -1939.17
  7.673  40.619 2.46e-17 2.09e-17 1.18e-17 12.51 -1939.37
  7.692  40.616 2.74e-17 1.92e-17 1.22e-17 11.51 -1939.25
  7.699  40.612 2.67e-17 1.91e-17 1.23e-17 12.02 -1939.21
  7.700  40.699 2.60e-17 1.90e-17 1.24e-17 21.66 -1939.29
  7.702  40.650 2.07e-17 1.64e-17 1.06e-17 14.73 -1939.11
  7.702  40.690 2.22e-17 1.76e-17 1.20e-17 17.02 -1939.47
  7.714  40.680 3.09e-17 2.12e-17 1.49e-17 10.01 -1939.19
  7.720  40.662 1.93e-17 1.33e-17 9.77e-18 14.32 -1939.19
  7.726  40.693 3.01e-17 2.16e-17 1.50e-17 23.94 -1939.22
  7.726  40.676 2.42e-17 1.60e-17 1.20e-17 19.03 -1939.03
  7.728  40.685 2.23e-17 1.61e-17 1.09e-17 16.69 -1939.27
  7.728  40.655 2.56e-17 2.13e-17 1.37e-17 13.98 -1939.24
  7.729  40.689 2.36e-17 1.65e-17 1.16e-17 15.84 -1939.29
  7.729  40.686 2.10e-17 1.60e-17 1.00e-17 17.96 -1939.30
  7.729  40.679 2.74e-17 1.91e-17 1.28e-17 18.68 -1939.53
  7.731  40.679 2.67e-17 1.99e-17 1.27e-17 12.52 -1939.25
  7.732  40.681 2.44e-17 2.00e-17 1.25e-17 13.42 -1939.38
  7.739  40.651 2.42e-17 1.77e-17 1.09e-17 15.77 -1939.23
  7.741  40.685 2.35e-17 1.77e-17 1.17e-17 13.87 -1939.39
  7.771  40.498 2.95e-17 2.19e-17 1.31e-17 20.45 -1939.18
  7.774  40.659 2.01e-17 1.67e-17 1.10e-17 16.53 -1939.16
  7.779  40.561 2.60e-17 1.61e-17 1.16e-17 15.47 -1939.07
  7.811  40.548 2.63e-17 1.96e-17 1.37e-17 25.31 -1939.17
  7.832  40.665 3.57e-17 2.71e-17 1.68e-17 16.66 -1939.30
  7.847  40.598 2.39e-17 1.78e-17 1.16e-17 17.02 -1939.28
