name x y flux1 flux2 flux3 par rv
P02145   0.233  34.707 1.42e-15 7.81e-16 3.67e-16   0.001   16.97
P04457   0.154  38.439 4.21e-14 5.67e-14 5.35e-14   0.001   16.24
P00681   0.200  33.652 1.01e-14 2.21e-14 3.40e-14   0.002   17.11
P04226   0.466  35.662 2.79e-17 2.07e-17 1.35e-17   0.001   16.46
P04690   0.635  35.343 5.24e-15 2.49e-15 1.16e-15   0.001   16.56
P02033   0.497  35.238 9.10e-16 5.19e-16 2.51e-16  -0.000   16.65
P01021   0.522  34.068 7.52e-16 3.60e-15 1.21e-14   0.000   17.17
P00527   0.745  35.494 8.40e-14 6.93e-14 4.50e-14   0.000   16.55
P04389   0.817  35.315 4.34e-15 2.09e-15 9.38e-16   0.001   16.49
P01275   0.854  31.594 6.91e-14 4.05e-14 2.05e-14   0.000   16.99
P02533   0.842  34.821 8.00e-16 4.58e-16 2.31e-16   0.002   17.00
P05250   0.959  33.865 4.45e-15 2.05e-15 9.69e-16  -0.000   17.21
P03580   0.840  35.444 3.06e-15 1.54e-15 6.82e-16  -0.000   16.49
P06210   1.171  34.285 8.28e-17 5.59e-17 3.34e-17  -0.001   17.29
P06207   1.141  37.238 7.42e-14 4.59e-14 2.44e-14   0.002   16.16
P01296   1.137  34.344 1.21e-17 1.03e-17 6.76e-18   0.001   17.27
P03311   1.124  34.762 4.47e-17 3.38e-17 2.01e-17  -0.001   16.97
P01632   1.206  32.381 2.40e-17 1.90e-17 1.22e-17   0.001   17.11
P04805   1.280  36.937 6.05e-14 6.78e-14 5.49e-14   0.001   16.04
P00387   1.232  34.891 8.14e-17 5.70e-17 3.18e-17   0.001   16.84
P06046   1.366  35.618 1.79e-17 1.59e-17 9.62e-18   0.000   16.05
P04348   1.322  36.270 4.63e-14 2.62e-14 1.19e-14  -0.001   15.88
P06111   1.398  34.753 4.00e-16 2.39e-16 1.20e-16  -0.000   17.17
P04931   1.400  36.372 4.63e-17 3.53e-17 2.03e-17   0.001   15.94
P00843   1.335  37.747 2.84e-15 1.39e-15 6.46e-16   0.003   16.00
P03746   1.592  35.059 3.74e-14 1.91e-14 8.57e-15  -0.000   16.90
P01304   1.437  35.091 2.22e-16 1.30e-16 6.61e-17   0.000   16.54
P04647   1.584  34.563 3.24e-15 1.52e-15 6.96e-16   0.002   17.35
P04934   1.486  35.128 3.46e-17 2.68e-17 1.53e-17   0.001   16.66
P04529   1.454  35.035 1.22e-15 7.10e-16 3.22e-16   0.001   17.17
P01147   1.615  35.643 3.35e-16 1.99e-16 1.01e-16  -0.000   16.09
P00306   1.521  34.973 7.56e-14 5.50e-14 2.84e-14   0.001   17.26
P02185   1.491  34.549 2.89e-17 2.27e-17 1.47e-17   0.002   17.41
P04583   1.701  33.887 2.45e-15 1.22e-15 6.21e-16   0.001   17.36
P03035   1.443  34.282 3.50e-16 2.29e-16 1.18e-16  -0.000   17.49
P00585   1.662  35.491 7.61e-17 5.47e-17 3.11e-17   0.001   15.97
P05746   1.714  35.692 2.68e-17 2.18e-17 1.39e-17  -0.000   15.79
P01507   1.725  34.779 1.53e-17 1.24e-17 8.94e-18   0.001   17.01
P04262   1.599  35.344 3.55e-15 1.74e-15 7.36e-16   0.002   15.95
P00142   1.702  36.116 2.01e-17 1.59e-17 1.09e-17  -0.002   15.67
P01546   1.680  36.476 6.23e-14 3.74e-14 1.88e-14   0.002   15.86
P04655   1.752  34.318 8.21e-14 5.34e-14 2.86e-14   0.002   17.51
P01001   1.801  37.276 5.27e-17 3.70e-17 2.24e-17   0.001   15.95
P00297   1.720  34.486 2.75e-16 1.63e-16 8.84e-17   0.000   17.60
P02495   1.764  34.724 2.77e-15 1.35e-15 6.22e-16   0.001   17.66
P01280   1.850  35.110 4.63e-14 2.80e-14 1.33e-14   0.001   16.66
P00093   1.681  35.117 2.22e-15 1.16e-15 5.33e-16   0.000   16.32
P01975   1.916  34.649 3.72e-17 2.80e-17 1.72e-17   0.000   17.73
P03100   1.973  34.391 3.08e-12 1.81e-12 9.84e-13   0.060   16.04
P00904   1.936  35.328 7.68e-16 4.28e-16 2.09e-16  -0.000   15.38
P00079   1.888  32.803 4.61e-14 2.51e-14 1.20e-14   0.001   17.10
P01497   2.033  35.207 3.63e-14 1.80e-14 7.87e-15  -0.001   15.94
P05320   2.111  35.768 2.96e-17 2.19e-17 1.47e-17  -0.001   15.45
P03697   2.112  37.273 8.53e-17 5.89e-17 3.34e-17   0.001   15.89
P00253   2.042  32.465 2.52e-16 1.63e-16 8.18e-17  -0.001   17.09
P02777   2.116  35.403 2.45e-16 1.42e-16 7.18e-17  -0.001   14.85
P03594   1.885  34.941 1.83e-17 1.55e-17 9.90e-18  -0.001   18.55
P04362   2.212  34.737 1.63e-15 8.65e-16 4.05e-16   0.001   18.12
P05361   1.964  35.345 8.52e-14 6.25e-14 3.64e-14   0.001   14.87
P03161   2.224  35.128 1.20e-16 8.05e-17 4.34e-17   0.001   18.75
P04059   1.942  35.394 8.12e-14 6.54e-14 4.00e-14   0.000   14.88
P04208   2.220  35.115 9.04e-15 2.09e-14 3.56e-14   0.002   17.80
P03655   2.033  31.786 3.56e-15 1.71e-15 7.83e-16  -0.000   16.98
P02492   2.091  35.200 3.63e-17 2.66e-17 1.63e-17  -0.000    6.42
P04407   2.102  35.280 5.46e-14 6.27e-14 5.40e-14   0.000   13.69
P00711   1.939  35.231 1.69e-15 9.21e-16 4.17e-16  -0.000   13.36
P02191   2.114  35.373 2.71e-16 1.71e-16 8.40e-17   0.001   14.06
P01329   2.091  35.125 1.28e-15 6.86e-16 3.27e-16  -0.000   14.49
P04205   2.161  34.831 8.65e-16 4.91e-16 2.31e-16   0.001   18.07
P05200   2.115  35.547 2.53e-16 1.44e-16 7.94e-17  -0.001   15.07
P03990   2.174  35.227 9.05e-15 2.06e-14 3.57e-14   0.002   13.23
P01056   2.291  35.197 3.54e-16 2.17e-16 1.07e-16   0.001   19.41
P03575   2.323  35.132 1.71e-17 1.51e-17 9.41e-18  -0.001   34.84
P05374   2.133  35.132 1.46e-15 8.21e-16 3.91e-16   0.001   19.62
P01673   2.318  35.188 6.07e-17 4.42e-17 2.65e-17   0.001   13.07
P03026   2.161  35.289 1.04e-17 9.24e-18 6.38e-18   0.002   14.58
P05081   2.224  34.969 7.28e-14 3.98e-14 2.20e-14   0.001   19.57
P05174   2.173  35.050 4.37e-15 2.17e-15 9.58e-16  -0.000   21.56
P01572   2.320  36.233 7.91e-17 5.32e-17 3.15e-17   0.001   15.60
P04579   2.198  35.298 2.79e-15 1.39e-15 6.19e-16   0.002   13.84
P02674   2.177  34.573 6.45e-16 3.71e-16 1.81e-16  -0.000   17.65
P05653   2.211  39.667 8.32e-14 5.50e-14 3.20e-14  -0.000   16.10
P04786   2.300  35.568 6.20e-14 3.59e-14 1.83e-14   0.000   15.14
P04484   2.284  37.012 4.49e-14 2.20e-14 1.05e-14  -0.000   15.79
P05404   2.285  34.883 1.06e-16 7.36e-17 3.90e-17   0.000   18.08
P02288   2.364  34.941 4.01e-17 3.17e-17 1.83e-17   0.002   17.78
P03345   2.401  30.823 3.44e-14 1.75e-14 8.45e-15   0.001   16.81
P03229   2.269  35.419 6.45e-17 4.48e-17 2.62e-17  -0.001   14.65
P01802   2.382  35.117 2.58e-17 2.07e-17 1.28e-17  -0.002   15.83
P04753   2.539  34.260 9.49e-17 6.28e-17 3.64e-17  -0.000   17.41
P00693   2.478  36.619 7.65e-14 4.82e-14 2.53e-14   0.001   15.77
P03060   2.465  35.180 5.49e-14 3.03e-14 1.47e-14  -0.000   15.45
P05102   2.499  35.455 1.21e-14 2.74e-14 3.89e-14  -0.001   15.39
P01062   2.564  35.647 1.15e-17 9.35e-18 6.92e-18  -0.001   15.19
P00534   2.478  35.198 4.52e-15 2.43e-15 1.08e-15   0.000   15.94
P01092   2.568  35.260 4.31e-16 2.43e-16 1.18e-16   0.001   16.13
P03618   2.471  35.021 3.60e-17 2.64e-17 1.76e-17   0.001   17.12
P00892   2.589  35.087 5.45e-14 3.11e-14 1.47e-14   0.002   16.14
P05125   2.538  37.313 3.49e-15 1.77e-15 8.52e-16   0.003   15.81
P03342   2.643  35.140 1.39e-15 8.10e-16 3.50e-16   0.000   16.04
P05279   2.599  34.073 8.74e-17 6.30e-17 3.34e-17  -0.000   17.35
P02592   2.697  39.559 1.38e-16 8.93e-17 5.18e-17   0.001   16.12
P00876   2.826  34.933 1.45e-15 8.21e-16 3.84e-16   0.001   16.92
P05977   2.810  34.282 1.09e-17 9.79e-18 6.69e-18   0.001   17.23
P05803   2.760  32.749 3.68e-15 1.80e-15 8.25e-16   0.001   16.92
P05395   2.916  35.289 4.46e-17 3.26e-17 2.01e-17   0.002   16.08
P03072   2.733  34.953 1.44e-16 9.64e-17 5.11e-17   0.000   16.94
P04440   2.899  36.566 1.20e-16 7.73e-17 4.09e-17   0.001   15.68
P04783   2.822  35.478 2.44e-14 3.88e-14 4.77e-14   0.003   15.81
P03353   2.898  35.252 3.35e-17 2.62e-17 1.70e-17   0.001   15.96
P05779   2.928  34.570 1.71e-17 1.42e-17 9.19e-18   0.002   17.07
P00403   2.724  35.938 1.67e-16 1.04e-16 5.86e-17   0.000   15.61
P03398   2.989  34.596 1.46e-17 1.20e-17 8.21e-18   0.001   17.06
P03141   2.968  33.070 8.29e-14 5.83e-14 3.16e-14   0.002   17.01
P05542   3.036  37.442 8.08e-16 4.61e-16 2.13e-16   0.001   15.79
P03877   2.972  38.539 1.40e-15 7.30e-16 3.29e-16   0.000   15.97
P01146   2.998  33.732 2.07e-15 1.10e-15 4.90e-16   0.003   17.06
P05725   3.018  34.727 1.26e-17 1.05e-17 7.74e-18  -0.000   16.88
P01426   3.042  33.729 5.42e-16 3.12e-16 1.54e-16   0.002   17.04
P01796   3.064  35.381 1.25e-16 8.03e-17 4.62e-17  -0.001   15.93
P02885   3.107  35.195 6.40e-14 3.58e-14 1.76e-14   0.000   16.23
P05180   2.932  35.545 1.21e-15 6.60e-16 3.10e-16   0.001   15.96
P03616   3.192  35.495 6.43e-14 3.66e-14 1.72e-14   0.002   15.80
P02415   3.080  34.048 6.66e-16 3.72e-16 1.75e-16  -0.001   17.01
P03359   3.103  35.620 3.64e-16 2.17e-16 1.05e-16   0.000   15.89
P04382   3.324  31.814 3.18e-14 1.63e-14 7.17e-15   0.000   16.79
P04141   3.322  35.568 2.28e-17 1.73e-17 1.19e-17   0.000   15.99
P04395   3.339  35.493 8.89e-14 6.76e-14 4.30e-14  -0.001   15.93
P00916   3.386  34.125 1.15e-16 7.30e-17 4.04e-17   0.002   16.99
P01352   3.384  34.923 3.76e-17 2.82e-17 1.76e-17   0.000   16.50
P00777   3.500  34.807 6.37e-17 4.53e-17 2.63e-17  -0.002   16.65
P06135   3.869  31.836 5.41e-14 6.10e-14 5.14e-14   0.003   16.72
P02083   3.730  33.830 8.52e-14 6.07e-14 3.14e-14  -0.000   16.71
P03477   3.894  33.873 1.41e-16 9.86e-17 5.45e-17  -0.000   16.71
P02765   3.929  38.132 8.28e-17 5.54e-17 3.03e-17   0.000   15.90
P02682   4.075  34.605 3.55e-15 1.87e-15 8.22e-16   0.000   16.57
P00524   4.005  37.526 7.72e-14 6.52e-14 4.84e-14   0.001   15.88
P05363   4.045  35.966 4.50e-16 2.63e-16 1.39e-16   0.001   15.91
P04544   4.195  33.310 1.98e-15 1.03e-15 4.78e-16   0.000   16.74
P01642   4.307  33.453 2.82e-16 1.78e-16 9.09e-17  -0.000   16.61
P02399   4.530  35.079 5.71e-17 4.19e-17 2.39e-17  -0.001   16.29
P04108   4.373  34.736 1.35e-16 8.93e-17 4.71e-17   0.002   16.39
P01501   4.405  35.402 2.40e-16 1.43e-16 8.06e-17   0.000   16.15
P05871   4.308  33.752 8.97e-16 4.60e-16 2.21e-16   0.001   16.56
P03731   4.443  34.424 2.46e-15 1.25e-15 5.85e-16  -0.001   16.43
P05819   4.751  33.416 3.35e-17 2.61e-17 1.64e-17  -0.001   16.57
P02393   4.688  32.335 8.24e-14 6.40e-14 3.86e-14   0.002   16.54
P01966   4.814  35.344 1.55e-16 9.73e-17 5.40e-17   0.001   16.16
P01780   5.059  34.085 3.55e-14 1.85e-14 8.52e-15   0.000   16.40
P00337   5.157  39.087 7.10e-14 4.42e-14 2.12e-14   0.001   15.89
P04787   5.317  33.261 2.85e-16 1.78e-16 9.03e-17   0.001   16.38
P05399   5.490  33.926 1.65e-16 1.09e-16 5.69e-17   0.001   16.32
P02516   6.028  32.246 4.50e-15 2.29e-15 1.02e-15   0.002   16.25
P00184   6.004  36.867 4.48e-14 2.38e-14 1.05e-14   0.002   15.91
P05853   6.289  41.099 5.93e-16 3.22e-16 1.61e-16  -0.000   15.85
