name x y flux1 flux2 flux3 par rv
P03593 -28.607  37.830 3.86e-13 2.26e-13 1.14e-13   0.018   17.51
P01641 -28.807  38.532 1.85e-14 1.60e-14 1.09e-14   0.022   17.39
P04899 -28.159  41.777 1.67e-13 1.16e-13 6.75e-14   0.026   17.37
P03706 -25.738  38.389 1.63e-13 9.38e-14 4.62e-14   0.008   17.56
P00292 -25.103  36.387 5.13e-10 3.03e-10 1.50e-10   0.049   17.21
P02599 -22.964  36.238 4.08e-14 3.57e-14 2.48e-14   0.031   17.43
P06221 -22.800  35.385 2.86e-12 1.52e-12 7.67e-13   0.038   17.32
P02370 -20.571  38.812 2.05e-11 1.09e-11 4.74e-12   0.013   17.52
P02196 -19.057  37.139 8.52e-14 6.19e-14 3.71e-14   0.025   17.49
P04149 -16.870  43.065 6.22e-16 7.14e-16 6.48e-16   0.011   17.44
P01746 -15.264  37.635 1.80e-14 1.80e-14 1.38e-14   0.036   17.27
