x y flux0 flux1 flux2 width rv
  4.107   6.523 4.05e-17 3.02e-17 2.10e-17 18.65 -1509.26
  4.148   6.406 3.88e-17 2.06e-17 2.09e-17 26.89 -1509.09
  4.171   6.675 4.41e-17 4.18e-17 2.58e-17 22.66 -1508.91
  4.327   6.421 4.31e-17 2.50e-17 1.53e-17 19.41 -1509.03
  4.378   6.849 4.82e-17 3.60e-17 2.24e-17 21.40 -1508.89
  4.405   6.438 3.85e-17 3.20e-17 2.12e-17 26.84 -1509.13
  4.417   6.535 4.85e-17 2.49e-17 1.95e-17 22.19 -1508.95
  4.442   6.494 4.01e-17 3.50e-17 1.93e-17 25.22 -1509.25
  4.454   6.457 5.97e-17 2.70e-17 3.24e-17 19.46 -1509.04
  4.461   6.440 5.84e-17 3.14e-17 2.22e-17 27.10 -1509.01
  4.468   6.386 3.41e-17 3.48e-17 2.16e-17 19.79 -1509.02
  4.472   6.298 3.50e-17 2.23e-17 1.67e-17 34.11 -1509.10
  4.473   6.435 3.94e-17 2.82e-17 2.39e-17 22.16 -1509.28
  4.477   6.433 3.77e-17 3.26e-17 2.28e-17 19.99 -1509.06
  4.491   6.476 4.31e-17 2.78e-17 2.25e-17 26.06 -1509.19
  4.508   6.445 3.74e-17 2.70e-17 1.61e-17 14.60 -1509.15
  4.521   6.525 4.61e-17 2.92e-17 2.17e-17 10.82 -1509.18
  4.544   6.505 3.00e-17 2.35e-17 1.71e-17 24.04 -1509.01
  4.547   6.394 3.99e-17 3.48e-17 1.69e-17 22.72 -1509.06
  4.555   6.621 4.91e-17 2.53e-17 2.14e-17 15.91 -1509.15
  4.584   6.505 3.62e-17 2.68e-17 2.24e-17 25.96 -1509.05
  4.594   6.400 4.90e-17 2.85e-17 2.61e-17 19.87 -1509.02
  4.610   6.373 3.48e-17 3.25e-17 1.96e-17 28.81 -1509.11
  4.616   6.514 2.99e-17 2.96e-17 1.88e-17 25.64 -1508.99
  4.659   6.100 5.51e-17 3.01e-17 2.90e-17 24.87 -1509.10
  4.672   6.274 4.40e-17 2.96e-17 2.26e-17 25.93 -1509.11
  4.738   6.499 3.68e-17 3.66e-17 2.17e-17 16.72 -1509.17
  4.860   7.027 4.42e-17 3.81e-17 2.52e-17 17.10 -1508.66
 12.690   1.253 2.52e-17 1.77e-17 1.42e-17 16.10 -2005.38
 12.690   1.279 2.34e-17 1.54e-17 1.14e-17 18.43 -2005.55
 12.702   1.306 3.99e-17 2.49e-17 1.58e-17 17.15 -2005.43
 12.709   1.298 2.59e-17 1.98e-17 1.29e-17 12.49 -2005.47
 12.714   1.393 2.10e-17 1.61e-17 1.30e-17 19.98 -2005.45
 12.714   1.331 2.40e-17 1.33e-17 1.21e-17 14.00 -2005.34
 12.725   1.308 2.88e-17 1.92e-17 1.37e-17 23.49 -2005.48
 12.726   1.357 2.34e-17 1.46e-17 1.03e-17 16.86 -2005.39
 12.728   1.324 1.84e-17 1.34e-17 9.52e-18 16.66 -2005.53
 12.730   1.297 1.50e-17 1.13e-17 9.24e-18 13.63 -2005.60
 12.744   1.321 3.06e-17 1.80e-17 1.20e-17 14.43 -2005.59
 12.746   1.319 2.23e-17 1.49e-17 1.08e-17 17.75 -2005.42
 12.747   1.317 2.43e-17 2.05e-17 1.29e-17 22.68 -2005.51
 12.748   1.327 2.76e-17 1.80e-17 1.19e-17 17.17 -2005.48
 12.750   1.327 2.61e-17 1.95e-17 1.32e-17 14.71 -2005.56
 12.750   1.339 2.37e-17 1.86e-17 1.27e-17 19.38 -2005.45
 12.750   1.382 2.69e-17 1.69e-17 1.35e-17 11.21 -2005.45
 12.758   1.316 2.39e-17 1.71e-17 1.27e-17 12.59 -2005.35
 12.760   1.331 3.61e-17 1.91e-17 1.35e-17 19.06 -2005.71
 12.762   1.335 1.78e-17 1.54e-17 7.81e-18 16.26 -2005.32
 12.762   1.266 2.88e-17 2.01e-17 1.40e-17 10.82 -2005.53
 12.766   1.270 2.39e-17 1.31e-17 8.91e-18 16.74 -2005.43
 12.767   1.305 2.17e-17 1.22e-17 9.87e-18 22.79 -2005.35
 12.781   1.321 2.46e-17 1.63e-17 1.16e-17 22.65 -2005.68
 12.786   1.309 3.19e-17 2.30e-17 1.80e-17 18.69 -2005.52
 12.834   1.205 2.39e-17 1.64e-17 1.26e-17 16.56 -2005.53
 12.841   1.502 2.49e-17 1.46e-17 1.35e-17 14.24 -2005.45
 12.844   1.346 2.88e-17 2.26e-17 1.12e-17 15.06 -2005.35
 12.859   1.265 2.52e-17 1.70e-17 1.27e-17 14.22 -2005.42
 12.881   1.372 2.19e-17 1.51e-17 1.17e-17 16.72 -2005.48
