x y flux0 flux1 flux2 width rv
-34.793  18.710 1.67e-17 1.22e-17 8.20e-18 18.13 -2206.44
-34.784  18.580 1.57e-17 1.05e-17 8.08e-18 17.90 -2206.50
-34.761  18.601 2.41e-17 1.54e-17 9.26e-18 12.85 -2206.68
-34.746  18.635 1.96e-17 1.51e-17 1.04e-17 20.55 -2206.72
-34.740  18.649 1.89e-17 1.35e-17 1.00e-17 16.46 -2206.48
-34.734  18.630 2.15e-17 1.58e-17 1.01e-17 17.71 -2206.27
-34.727  18.626 2.30e-17 1.52e-17 1.22e-17 17.56 -2206.55
-34.726  18.602 1.75e-17 1.12e-17 7.99e-18 12.28 -2206.44
-34.725  18.629 1.71e-17 1.35e-17 8.70e-18 13.90 -2206.56
-34.724  18.615 2.03e-17 1.35e-17 8.21e-18 15.47 -2206.56
-34.724  18.634 1.99e-17 1.41e-17 9.56e-18 16.14 -2206.46
-34.721  18.626 1.82e-17 1.18e-17 7.65e-18 17.66 -2206.56
-34.719  18.620 2.03e-17 1.21e-17 9.57e-18 18.57 -2206.44
-34.715  18.610 1.90e-17 1.30e-17 9.16e-18 21.40 -2206.58
-34.710  18.568 1.61e-17 1.02e-17 7.64e-18 15.97 -2206.45
-34.708  18.628 2.22e-17 1.72e-17 1.10e-17 14.88 -2206.38
-34.704  18.639 2.04e-17 1.51e-17 1.15e-17 12.93 -2206.40
-34.695  18.642 2.21e-17 1.68e-17 9.71e-18 13.18 -2206.60
-34.695  18.539 2.23e-17 1.63e-17 1.18e-17 13.17 -2206.60
-34.665  18.779 2.18e-17 1.71e-17 1.01e-17 13.15 -2206.27
-34.642  18.561 1.90e-17 1.40e-17 9.01e-18 13.14 -2206.59
