x y flux0 flux1 flux2 width rv
  3.551   4.160 2.14e-17 1.32e-17 1.05e-17 20.71 -2091.09
  3.552   4.157 2.02e-17 1.58e-17 1.10e-17 15.25 -2091.07
  3.553   4.150 2.33e-17 1.84e-17 9.84e-18 21.01 -2090.81
  3.556   4.152 2.86e-17 1.83e-17 1.19e-17 16.50 -2090.91
  3.557   4.168 3.41e-17 1.32e-17 8.88e-18 14.31 -2090.84
  3.558   4.133 2.60e-17 1.34e-17 1.10e-17 12.15 -2091.22
  3.559   4.149 2.11e-17 1.48e-17 9.66e-18 18.00 -2091.01
  3.559   4.152 1.70e-17 1.52e-17 9.02e-18 11.30 -2090.93
  3.560   4.154 2.21e-17 1.34e-17 9.43e-18 13.47 -2091.12
  3.560   4.154 1.97e-17 1.69e-17 1.13e-17 18.25 -2091.02
  3.560   4.154 1.62e-17 1.32e-17 9.98e-18 14.94 -2091.08
  3.560   4.154 2.48e-17 1.52e-17 1.18e-17 12.55 -2091.02
  3.560   4.149 2.72e-17 2.07e-17 1.25e-17 16.50 -2091.05
  3.561   4.159 1.69e-17 1.83e-17 1.14e-17 15.15 -2091.02
  3.561   4.149 2.26e-17 1.74e-17 1.05e-17 14.83 -2091.07
  3.563   4.171 2.55e-17 1.49e-17 8.22e-18 15.85 -2091.04
  3.563   4.155 2.15e-17 1.80e-17 1.03e-17 18.85 -2090.89
  3.563   4.155 2.42e-17 1.87e-17 1.19e-17 19.64 -2091.10
  3.563   4.153 2.87e-17 1.97e-17 1.09e-17 20.03 -2090.95
  3.564   4.150 2.21e-17 1.93e-17 1.64e-17 21.87 -2090.99
  3.564   4.150 1.65e-17 1.74e-17 8.26e-18 14.01 -2091.02
  3.564   4.151 2.19e-17 1.80e-17 1.04e-17 10.83 -2090.98
  3.564   4.154 2.40e-17 1.46e-17 1.10e-17 16.10 -2091.20
  3.564   4.160 1.68e-17 1.41e-17 8.92e-18 16.76 -2091.12
  3.565   4.152 1.91e-17 1.28e-17 7.91e-18 16.24 -2091.21
  3.565   4.153 2.49e-17 2.38e-17 1.15e-17 17.05 -2091.03
  3.569   4.175 1.41e-17 1.21e-17 8.23e-18 15.80 -2090.83
  3.574   4.169 2.17e-17 1.94e-17 1.29e-17 12.22 -2090.97
  3.577   4.180 1.75e-17 1.86e-17 1.34e-17 18.50 -2091.06
