name x y flux1 flux2 flux3 par rv
P02262 -14.844  20.563 5.22e-16 6.19e-16 5.08e-16   0.008    1.69
P05652 -14.523  20.934 1.25e-15 1.14e-15 9.90e-16   0.009    1.70
P04657 -13.128  19.290 3.53e-12 1.76e-12 8.08e-13   0.023    1.08
P01088 -10.298  16.076 1.05e-15 6.17e-16 3.20e-16   0.002    0.22
P05932  -9.856  15.531 1.02e-13 5.65e-14 2.77e-14  -0.000    0.73
P03363  -9.775  17.505 1.87e-15 8.22e-16 4.24e-16  -0.000    1.11
P03513  -9.594  15.074 2.75e-11 1.85e-11 8.83e-12   0.011   -0.50
P00477  -9.439  17.983 2.10e-14 1.47e-14 9.54e-15   0.012    0.07
P05591  -8.877  15.590 3.40e-13 1.90e-13 9.68e-14   0.014   -0.52
P00321  -8.358  15.145 3.79e-16 2.26e-16 1.15e-16   0.001    0.50
P04975  -8.180  19.507 5.57e-16 3.08e-16 1.48e-16   0.002    1.27
P02941  -7.466  19.316 1.26e-13 8.81e-14 5.34e-14   0.000    0.50
P04893  -7.259  15.325 5.77e-14 3.03e-14 1.33e-14   0.002    0.37
P03501  -7.145  17.746 2.27e-17 1.84e-17 1.23e-17   0.002    0.46
P04131  -7.073  16.776 1.85e-17 1.47e-17 1.01e-17   0.001    0.58
P00597  -6.794  15.466 4.31e-15 2.20e-15 1.01e-15  -0.000    0.41
P03155  -6.515  16.415 3.12e-17 2.38e-17 1.54e-17  -0.000    0.55
P05773  -6.428  17.186 6.93e-16 3.64e-16 1.74e-16   0.001    0.58
P05738  -6.164  16.985 3.68e-14 2.05e-14 9.87e-15  -0.001    0.50
P00805  -6.300  16.380 4.01e-17 3.12e-17 1.81e-17  -0.000   -0.62
P00713  -5.973  16.864 3.89e-16 2.01e-16 1.13e-16  -0.001    0.33
P00755  -5.705  20.631 1.30e-15 6.97e-16 3.60e-16  -0.001    1.21
P03416  -5.519  18.443 1.01e-13 5.74e-14 3.01e-14   0.000   -0.04
P03346  -5.487  20.751 8.25e-14 5.19e-14 2.72e-14   0.002    1.18
P03538  -5.481  15.176 3.39e-16 1.79e-16 1.02e-16  -0.000    0.31
P04184  -5.515  16.537 5.74e-17 3.97e-17 2.43e-17   0.002    0.24
P02140  -5.309  18.696 7.31e-16 4.29e-16 2.19e-16   0.001    0.47
P01629  -5.145  15.682 2.28e-16 1.39e-16 7.31e-17   0.002   -1.08
P01148  -5.247  19.545 3.56e-17 2.67e-17 1.88e-17   0.000   -0.31
P02732  -5.154  15.456 3.69e-15 2.16e-15 9.54e-16   0.001    0.47
P01173  -5.117  16.817 1.56e-11 1.02e-11 4.30e-12   0.091   -1.00
P02111  -4.823  17.103 1.23e-16 7.98e-17 4.26e-17  -0.001   -0.33
P00420  -4.988  18.902 1.75e-17 1.46e-17 1.07e-17   0.001    0.82
P00557  -4.945  16.679 2.81e-15 1.54e-15 7.32e-16   0.000    0.32
P00917  -4.733  18.009 1.47e-16 9.82e-17 5.49e-17   0.001    0.88
P00935  -4.757  17.550 6.30e-17 4.50e-17 2.66e-17   0.001   -0.19
P04925  -4.781  15.668 3.87e-15 1.93e-15 9.31e-16   0.000    0.85
P02281  -4.520  18.573 2.55e-17 2.03e-17 1.36e-17  -0.001   -0.51
P02289  -4.602  16.193 1.78e-15 8.37e-16 4.54e-16   0.002    0.76
P02369  -4.568  16.647 3.12e-15 1.56e-15 7.69e-16   0.001    0.20
P01835  -4.689  17.506 2.04e-15 1.11e-15 4.91e-16   0.001    0.75
P01569  -4.651  15.148 4.55e-17 3.67e-17 2.14e-17  -0.001    0.27
P05509  -4.645  18.283 3.38e-15 1.67e-15 8.19e-16   0.001    0.62
P05147  -4.247  17.685 5.11e-14 2.77e-14 1.24e-14   0.001    0.77
P00601  -4.349  20.668 2.08e-14 3.72e-14 5.38e-14   0.000    0.16
P05022  -4.294  16.587 1.52e-17 1.36e-17 1.01e-17  -0.000    0.17
P06086  -4.424  18.342 8.23e-17 5.39e-17 3.46e-17   0.000    0.63
P01416  -4.318  17.337 7.38e-14 4.63e-14 2.17e-14   0.000    0.60
P00607  -4.334  20.164 3.17e-17 2.48e-17 1.62e-17   0.000    0.20
P02116  -4.232  19.066 1.70e-16 1.07e-16 6.16e-17   0.002    0.54
P01245  -4.288  17.838 5.02e-16 3.03e-16 1.52e-16   0.001    0.10
P02209  -4.428  17.141 1.90e-16 1.14e-16 5.80e-17   0.001   -0.38
P01505  -4.400  18.019 2.00e-17 1.54e-17 1.07e-17   0.001    0.99
P04365  -4.456  15.940 9.97e-14 5.90e-14 3.60e-14  -0.002    1.17
P04943  -4.193  17.296 1.01e-17 9.20e-18 6.94e-18  -0.000    0.70
P00294  -4.234  15.456 6.22e-14 3.47e-14 1.62e-14  -0.000    0.04
P02457  -4.255  15.847 3.78e-14 1.80e-14 8.97e-15   0.000    1.11
P02712  -4.210  15.683 8.77e-17 5.53e-17 3.66e-17  -0.000    1.03
P05450  -4.070  16.870 4.46e-14 2.32e-14 9.52e-15   0.000   -0.11
P00025  -4.199  15.519 1.09e-16 6.74e-17 4.06e-17  -0.001    0.57
P02771  -4.165  18.115 2.56e-16 1.41e-16 7.36e-17   0.002    0.43
P01291  -4.115  17.738 3.98e-15 1.32e-14 2.81e-14   0.002    0.52
P02242  -4.105  16.567 1.13e-16 7.45e-17 4.39e-17   0.000    0.25
P02076  -4.177  15.575 2.17e-15 9.75e-16 4.83e-16   0.001    0.80
P05626  -4.001  16.362 1.06e-17 9.50e-18 6.41e-18   0.000    0.44
P06204  -4.213  15.720 1.28e-16 9.59e-17 4.96e-17   0.001    1.50
P00958  -3.908  16.975 9.80e-17 7.04e-17 3.97e-17   0.002   -0.43
P01223  -3.912  18.916 4.01e-17 3.07e-17 1.92e-17   0.002   -0.79
P03260  -3.918  17.432 5.57e-16 3.10e-16 1.65e-16   0.001   -0.20
P04728  -3.904  15.029 5.56e-14 3.29e-14 1.42e-14  -0.002   -0.64
P02718  -3.818  17.368 5.11e-17 3.59e-17 2.14e-17   0.001   -0.02
P02974  -3.912  15.944 5.38e-14 6.57e-14 5.89e-14  -0.000   -0.56
P00245  -3.786  16.174 9.92e-16 5.13e-16 2.53e-16   0.001    0.41
P01700  -3.886  19.667 1.43e-15 7.32e-16 3.88e-16   0.001   -0.77
P05136  -3.875  17.398 3.64e-17 2.79e-17 1.76e-17  -0.001   -0.09
P02401  -3.813  18.064 5.42e-14 3.02e-14 1.41e-14   0.002    0.87
P05544  -3.751  15.559 8.88e-14 8.08e-14 5.94e-14   0.001    0.76
P04242  -3.830  15.598 5.14e-14 2.55e-14 1.22e-14   0.002    0.62
P02047  -3.832  15.489 3.50e-17 2.66e-17 1.80e-17   0.002    0.37
P00541  -3.749  19.162 2.05e-17 1.82e-17 1.13e-17   0.000    0.16
P01144  -3.835  17.557 3.22e-15 1.52e-15 6.61e-16   0.002    1.06
P04063  -3.746  15.820 9.74e-14 8.90e-14 5.85e-14   0.000    1.65
P03766  -3.486  19.476 3.26e-17 2.39e-17 1.52e-17   0.000    0.80
P03598  -3.616  15.738 4.44e-15 2.35e-15 9.90e-16   0.001    2.56
P00435  -3.590  15.573 3.11e-17 2.36e-17 1.45e-17   0.000    1.07
P02020  -3.522  15.633 7.60e-16 4.21e-16 2.17e-16  -0.001    1.30
P04608  -3.660  15.801 9.60e-14 7.91e-14 5.17e-14   0.001    2.58
P04334  -3.576  18.350 3.08e-17 2.81e-17 1.61e-17   0.000    0.94
P03827  -3.557  15.892 2.35e-17 1.80e-17 1.16e-17   0.000    2.92
P01365  -3.526  17.502 2.67e-17 2.26e-17 1.36e-17   0.001   -0.05
P03897  -3.549  19.434 6.98e-17 5.13e-17 3.00e-17   0.001    0.88
P01937  -3.604  16.095 8.61e-14 8.12e-14 6.39e-14   0.002    2.38
P00146  -3.552  15.820 4.96e-14 2.37e-14 1.05e-14   0.001    2.99
P01377  -3.462  15.999 3.33e-15 1.66e-15 7.79e-16   0.001    3.13
P01153  -3.381  15.883 2.90e-15 1.57e-15 6.56e-16   0.001   -1.36
P04140  -3.539  17.235 1.66e-16 1.16e-16 5.54e-17  -0.000    0.88
P04815  -3.462  15.670 2.95e-17 2.18e-17 1.50e-17   0.001    0.64
P05189  -3.466  16.222 9.01e-16 4.92e-16 2.82e-16   0.002   -0.30
P04371  -3.321  17.776 3.41e-17 2.52e-17 1.72e-17   0.001    1.23
P01469  -3.435  17.090 2.03e-16 1.31e-16 6.85e-17   0.001    0.63
P04794  -3.295  16.048 1.25e-15 6.17e-16 3.18e-16   0.000    3.56
P01471  -3.357  15.950 9.19e-14 8.04e-14 5.73e-14   0.001    3.21
P01179  -3.232  18.174 4.65e-15 2.24e-15 1.07e-15   0.000    0.57
P02436  -3.319  17.061 3.70e-14 1.91e-14 9.28e-15  -0.001    0.25
P02480  -3.396  18.242 1.22e-16 8.29e-17 4.59e-17   0.003    1.03
P02234  -3.295  16.324 1.87e-16 1.26e-16 7.27e-17  -0.000   -1.01
P03033  -3.181  16.152 1.21e-17 1.05e-17 6.97e-18   0.001    1.27
P05183  -3.365  18.651 1.24e-16 8.33e-17 5.08e-17   0.001    0.26
P06047  -3.364  16.069 2.36e-15 1.20e-15 5.47e-16   0.003    3.61
P05801  -3.280  18.778 1.22e-15 6.64e-16 3.39e-16   0.002   -1.18
P04198  -3.257  15.187 8.56e-14 4.99e-14 2.60e-14   0.001   -1.44
P01451  -3.323  15.781 5.66e-17 4.20e-17 2.68e-17  -0.000    1.96
P02912  -3.448  15.513 7.05e-16 3.58e-16 2.01e-16  -0.001   -0.17
P00946  -3.277  18.309 4.70e-14 2.44e-14 1.10e-14  -0.000    0.97
P06173  -3.225  17.258 5.05e-14 2.95e-14 1.47e-14   0.001    0.90
P03499  -3.122  15.160 1.44e-15 8.74e-16 3.72e-16   0.001   -1.80
P02203  -3.205  15.705 1.38e-15 6.67e-15 1.80e-14   0.001    0.52
P01945  -3.256  15.826 3.61e-16 2.37e-16 1.16e-16  -0.001   -0.06
P02065  -3.126  18.041 1.03e-15 5.19e-16 2.44e-16   0.002    0.97
P04858  -3.177  16.105 6.10e-14 3.20e-14 1.49e-14  -0.000    5.83
P00347  -3.231  16.091 1.03e-16 6.34e-17 3.77e-17   0.001   -0.01
P03767  -3.172  15.791 9.28e-14 8.17e-14 6.03e-14   0.001    0.25
P03724  -3.098  16.043 2.15e-16 1.41e-16 7.43e-17   0.002   -1.75
P05187  -3.311  19.913 5.26e-16 3.15e-16 1.55e-16   0.001    0.49
P01354  -3.168  17.573 7.90e-14 4.99e-14 2.45e-14   0.001    0.33
P03545  -3.170  15.770 9.48e-16 5.04e-16 2.42e-16   0.002    1.01
P05876  -3.225  16.056 9.76e-14 6.72e-14 4.34e-14  -0.001   -1.95
P02331  -3.141  15.906 1.45e-16 9.35e-17 4.67e-17   0.000   -2.17
P05856  -3.138  16.658 5.52e-17 3.88e-17 2.43e-17  -0.001   -0.90
P02735  -3.207  17.917 2.31e-17 1.88e-17 1.22e-17   0.001    1.00
P01107  -3.136  16.241 6.64e-14 3.84e-14 1.76e-14   0.001   -2.34
P05723  -3.178  17.314 1.37e-16 9.68e-17 5.37e-17   0.001    1.25
P01489  -3.124  15.321 9.02e-14 6.00e-14 3.37e-14   0.002   -1.85
P04067  -3.065  18.123 2.19e-16 1.39e-16 7.28e-17   0.001    1.04
P04398  -3.026  15.638 5.86e-14 7.60e-14 6.16e-14   0.001   -3.04
P01696  -3.023  16.398 2.10e-15 1.16e-15 5.01e-16  -0.001   -0.79
P03985  -2.959  17.316 9.62e-17 6.40e-17 3.96e-17   0.000    1.12
P05041  -2.997  16.079 3.70e-17 2.72e-17 1.72e-17   0.002   -1.03
P05474  -3.111  16.769 4.79e-14 6.61e-14 6.39e-14   0.002   -0.41
P02367  -3.082  18.082 3.08e-16 1.93e-16 1.03e-16  -0.000    1.09
P04194  -3.007  15.560 6.18e-14 3.82e-14 1.83e-14  -0.001   -2.23
P01873  -3.102  18.645 7.29e-14 4.05e-14 2.06e-14   0.002    0.19
P00109  -3.042  16.883 1.40e-17 1.14e-17 8.33e-18   0.001   -0.17
P03909  -3.085  16.043 6.81e-17 4.53e-17 2.52e-17  -0.000   -8.81
P05133  -3.124  19.889 9.71e-17 5.87e-17 3.66e-17  -0.001    0.39
P03315  -3.084  17.400 4.65e-15 2.48e-15 1.12e-15   0.002    0.45
P04373  -2.990  17.431 1.10e-15 6.19e-16 2.72e-16   0.001    1.38
P00774  -3.141  15.895 1.29e-17 1.17e-17 8.26e-18   0.001   -8.26
P05948  -2.843  16.755 4.00e-14 2.17e-14 9.26e-15   0.001   -2.06
P03514  -3.007  18.591 9.12e-14 9.42e-14 6.83e-14   0.002    1.11
P02804  -2.972  16.009 1.36e-15 6.92e-16 3.41e-16   0.002   -5.87
P02086  -2.839  17.705 4.17e-14 2.04e-14 7.67e-15   0.002    0.95
P03221  -2.926  18.382 1.15e-15 6.13e-16 2.98e-16   0.002    1.02
P03470  -2.979  15.987 2.39e-16 1.68e-16 9.22e-17   0.000   -6.69
P05705  -3.061  18.027 8.81e-14 5.18e-14 2.78e-14   0.001    0.92
P03340  -3.012  16.698 7.87e-17 5.69e-17 3.31e-17   0.000   -0.83
P03532  -2.956  16.068 3.63e-14 1.91e-14 9.28e-15  -0.000   -3.74
P04795  -2.921  17.832 5.93e-17 4.25e-17 2.40e-17   0.001    0.87
P06070  -3.034  17.153 8.00e-16 4.45e-16 2.20e-16   0.001   -2.02
P06185  -2.750  19.396 2.48e-17 1.98e-17 1.37e-17  -0.001    0.33
P01679  -2.941  16.345 3.61e-16 2.03e-16 1.01e-16   0.000   -0.91
P04915  -2.897  16.894 8.32e-16 5.05e-16 2.18e-16  -0.001    0.10
P05353  -2.869  16.040 2.40e-17 1.92e-17 1.30e-17   0.002   -5.80
P01470  -2.887  17.218 7.60e-16 4.14e-16 2.08e-16   0.001    1.20
P02307  -2.826  15.945 8.87e-16 5.04e-16 2.56e-16   0.002   -6.61
P02204  -2.936  15.857 3.77e-14 2.01e-14 9.87e-15   0.002   -6.09
P00649  -2.800  15.644 6.51e-17 5.22e-17 3.21e-17   0.000   -4.58
P06218  -2.853  18.129 2.34e-15 1.19e-15 5.87e-16  -0.001   -1.52
P04228  -2.820  15.276 9.18e-17 6.69e-17 3.78e-17  -0.001   -2.56
P00517  -2.841  15.737 4.76e-14 2.55e-14 1.10e-14   0.001   -4.68
P02011  -2.925  17.847 3.29e-17 2.74e-17 1.63e-17   0.001    1.17
P02435  -2.786  15.907 5.68e-14 3.36e-14 1.51e-14   0.001   -5.86
P02489  -2.703  17.678 6.72e-17 4.60e-17 2.85e-17  -0.001    1.66
P00355  -2.752  15.791 3.40e-17 2.47e-17 1.59e-17   0.000   -5.03
P03151  -2.716  18.485 1.14e-15 6.58e-16 3.37e-16   0.001    1.30
P03258  -2.810  15.747 2.55e-16 1.46e-16 8.60e-17   0.000   -4.87
P00481  -2.671  16.073 4.61e-17 3.65e-17 2.30e-17   0.001   -5.19
P05827  -2.715  18.257 1.65e-16 1.15e-16 6.59e-17   0.002    1.10
P01957  -2.732  15.733 7.78e-14 7.14e-14 5.34e-14   0.001   -1.82
P01822  -2.687  17.340 6.64e-16 3.95e-16 1.99e-16   0.000    0.44
P06139  -2.750  16.023 5.39e-16 3.44e-16 1.61e-16   0.002   -5.71
P03199  -2.664  15.031 6.53e-14 6.64e-14 5.73e-14   0.000   -2.14
P02475  -2.777  15.990 5.51e-16 3.34e-16 1.80e-16   0.000   -5.71
P05800  -2.616  16.343 4.40e-14 1.96e-14 1.07e-14   0.002   -3.81
P02228  -2.652  17.254 4.34e-14 2.21e-14 1.07e-14   0.001    0.72
P03892  -2.666  18.611 2.00e-17 1.58e-17 1.02e-17   0.000    0.68
P00024  -2.691  20.520 2.70e-16 1.62e-16 9.58e-17   0.000    0.14
P01183  -2.683  18.267 3.49e-16 2.06e-16 1.13e-16   0.000   -1.61
P01374  -2.651  17.587 2.26e-15 1.23e-15 5.11e-16   0.001    1.91
P01694  -2.639  16.655 1.88e-17 1.71e-17 1.04e-17   0.001   -0.97
P05668  -2.677  17.628 1.58e-17 1.41e-17 9.84e-18  -0.001    1.86
P00037  -2.675  17.944 4.16e-17 3.06e-17 1.69e-17   0.001    0.80
P04720  -2.565  18.355 3.65e-17 2.98e-17 1.97e-17   0.001    1.18
P03784  -2.560  19.493 4.70e-15 2.33e-15 1.16e-15  -0.001   -0.63
P04210  -2.491  18.306 1.97e-15 1.06e-15 5.04e-16  -0.000    0.85
P00066  -2.574  16.847 1.11e-16 7.51e-17 3.96e-17  -0.001   -0.18
P06098  -2.463  17.140 5.81e-17 4.24e-17 2.82e-17   0.001    0.57
P00444  -2.522  17.052 6.94e-17 5.34e-17 2.86e-17   0.000    0.31
P05193  -2.438  15.457 3.50e-14 5.08e-14 5.80e-14   0.001   -3.64
P03670  -2.524  15.831 1.43e-15 7.46e-16 3.62e-16   0.001   -5.27
P01041  -2.530  18.877 1.08e-17 1.08e-17 6.85e-18  -0.000   -0.48
P01238  -2.486  15.658 5.37e-16 3.02e-16 1.47e-16   0.001   -4.61
P02359  -2.560  17.457 7.49e-16 3.91e-16 1.96e-16   0.001    1.02
P01218  -2.457  17.476 1.38e-17 1.16e-17 8.64e-18   0.000    1.60
P05151  -2.618  18.415 2.21e-16 1.37e-16 7.50e-17   0.000    1.51
P02896  -2.453  16.463 2.26e-15 1.16e-15 5.32e-16   0.000   -1.29
P04333  -2.421  16.929 2.30e-16 1.41e-16 7.17e-17   0.001   -0.24
P04868  -2.428  17.260 6.75e-16 3.65e-16 1.79e-16   0.001    1.14
P05992  -2.427  18.266 1.06e-16 7.87e-17 4.19e-17  -0.001    1.44
P04106  -2.248  17.656 8.50e-14 5.47e-14 2.96e-14   0.000    1.76
P00605  -2.332  15.910 1.01e-17 9.78e-18 6.66e-18  -0.001   -4.69
P02928  -2.229  17.453 6.27e-17 4.30e-17 2.52e-17   0.000    2.63
P04190  -2.203  17.605 4.65e-16 2.69e-16 1.23e-16   0.001    2.35
P01707  -2.243  17.377 6.74e-16 3.73e-16 1.93e-16   0.001    2.18
P02949  -2.390  17.174 5.79e-14 3.28e-14 1.64e-14   0.002    1.68
P01078  -2.312  18.752 1.33e-16 8.57e-17 4.87e-17   0.001    1.45
P02958  -2.212  18.240 2.79e-16 1.62e-16 8.76e-17  -0.000   -0.87
P03944  -2.197  16.505 2.44e-16 1.57e-16 7.50e-17   0.002   -1.27
P06018  -2.279  17.147 1.71e-15 9.59e-16 4.60e-16   0.000    0.70
P02800  -2.245  17.908 5.57e-17 4.03e-17 2.49e-17  -0.000    1.15
P05528  -2.187  15.197 1.44e-17 1.18e-17 8.29e-18   0.001   -3.34
P05553  -2.199  17.626 4.49e-14 2.38e-14 1.10e-14   0.001    0.66
P02693  -2.274  16.935 3.24e-16 2.20e-16 1.01e-16   0.002   -2.80
P00128  -2.297  17.238 9.96e-14 7.81e-14 4.15e-14   0.000    1.66
P00648  -2.175  18.335 3.29e-16 1.93e-16 1.07e-16   0.001    0.55
P01155  -2.237  18.740 7.30e-16 4.45e-16 2.15e-16   0.001    1.67
P03737  -2.207  16.765 5.67e-15 2.57e-15 1.17e-15   0.003   -3.24
P05744  -2.149  18.042 4.60e-17 3.65e-17 2.05e-17   0.000    0.34
P04374  -2.025  15.166 3.61e-17 2.70e-17 1.80e-17   0.000   -3.24
P02563  -2.136  17.327 3.43e-16 2.09e-16 1.04e-16  -0.000    1.67
P03533  -2.101  17.012 8.52e-14 4.70e-14 2.54e-14   0.001   -0.59
P01485  -2.197  16.324 6.71e-14 7.27e-14 6.58e-14   0.002   -1.71
P01862  -2.140  17.641 1.12e-16 7.08e-17 4.19e-17  -0.001    1.51
P00491  -1.919  17.352 1.47e-15 7.22e-16 3.58e-16   0.002    1.80
P03765  -2.157  18.316 1.69e-17 1.52e-17 1.06e-17   0.002   -0.91
P00487  -2.106  18.209 5.06e-17 3.74e-17 2.52e-17   0.000    0.45
P04779  -2.180  18.921 1.13e-15 6.43e-16 3.28e-16  -0.001    0.43
P02079  -2.062  17.056 8.27e-14 8.07e-14 6.34e-14   0.000    3.68
P01102  -2.159  18.726 1.30e-15 6.36e-16 3.23e-16   0.001    1.79
P04938  -1.990  16.101 1.20e-15 6.00e-16 3.21e-16  -0.000   -3.91
P02948  -2.093  16.526 5.42e-14 2.87e-14 1.45e-14  -0.001   -1.62
P03919  -2.011  16.956 8.37e-14 4.56e-14 2.70e-14   0.002    0.16
P02827  -2.002  16.913 8.31e-16 4.73e-16 2.28e-16   0.002   -1.04
P00688  -2.078  17.532 6.23e-17 4.25e-17 2.64e-17   0.000    4.61
P04624  -1.969  18.505 3.64e-15 1.84e-15 7.85e-16   0.002   -1.10
P05087  -1.940  26.443 8.01e-14 5.17e-14 2.71e-14   0.001    0.77
P03881  -2.079  16.370 2.10e-16 1.34e-16 6.86e-17   0.002   -4.19
P00471  -1.951  16.382 8.13e-14 5.09e-14 2.80e-14   0.002   -2.01
P02932  -1.987  17.280 1.10e-15 6.18e-16 2.97e-16  -0.001   -0.46
P03504  -1.939  18.089 5.51e-14 3.09e-14 1.41e-14   0.001   -0.96
P06103  -1.871  17.466 8.39e-14 4.33e-14 2.27e-14   0.001   -1.16
P01194  -2.000  16.869 1.25e-17 1.05e-17 7.95e-18   0.001   -1.42
P06124  -1.998  18.541 1.33e-17 1.09e-17 8.14e-18  -0.001    1.99
P04314  -1.897  17.420 6.40e-17 4.41e-17 2.76e-17   0.001    5.27
P03395  -1.989  18.605 1.13e-15 6.29e-16 3.01e-16   0.003    1.52
P04683  -1.956  19.131 3.57e-15 1.86e-15 7.90e-16   0.001   -1.11
P03270  -1.866  17.432 4.92e-15 2.41e-15 1.02e-15   0.001    3.40
P00076  -1.804  17.315 2.22e-16 1.49e-16 7.21e-17  -0.001    6.20
P01714  -1.987  17.943 1.79e-15 8.88e-16 4.71e-16   0.000    0.47
P00301  -1.849  17.335 3.41e-16 2.01e-16 9.99e-17   0.001    0.56
P04547  -1.768  17.929 9.25e-14 5.52e-14 2.84e-14   0.001    1.60
P00144  -2.003  18.649 5.51e-14 6.86e-14 6.72e-14   0.000   -1.16
P00546  -1.917  17.132 4.12e-17 3.28e-17 1.98e-17   0.002    2.04
P04566  -1.915  17.575 3.67e-17 2.98e-17 1.81e-17   0.001    1.29
P05817  -1.813  17.241 5.76e-16 3.20e-15 9.73e-15   0.001   -0.34
P01040  -1.914  19.881 3.19e-17 2.38e-17 1.51e-17   0.002   -0.34
P03040  -2.016  16.890 1.70e-15 9.87e-16 4.95e-16  -0.000    2.99
P06150  -1.978  16.228 1.70e-14 3.49e-14 4.85e-14   0.002   -4.24
P03641  -1.727  18.619 9.88e-14 8.08e-14 4.85e-14   0.002   -1.15
P06055  -1.850  16.489 1.93e-17 1.73e-17 1.11e-17   0.000   -1.83
P03521  -1.815  18.777 1.71e-15 8.30e-16 4.06e-16   0.000   -1.89
P00386  -1.830  17.666 1.35e-16 8.62e-17 5.17e-17   0.000   -0.45
P01854  -1.914  16.569 4.02e-15 1.98e-15 9.70e-16   0.002   -1.31
P02349  -1.894  16.564 7.67e-17 5.24e-17 3.27e-17   0.001   -1.77
P02649  -1.890  17.518 5.76e-17 3.89e-17 2.29e-17  -0.000    1.67
P00566  -1.704  17.515 1.05e-13 6.59e-14 3.60e-14   0.000    1.02
P01288  -1.765  18.140 3.04e-15 1.48e-15 6.00e-16   0.000   -1.08
P03609  -1.758  18.882 3.02e-15 1.53e-15 6.43e-16   0.000    1.47
P05264  -1.861  17.203 5.08e-16 2.87e-16 1.52e-16   0.002    6.81
P05315  -1.813  15.624 2.91e-16 1.68e-16 9.33e-17   0.000   -2.21
P01411  -1.771  17.665 3.61e-17 2.79e-17 1.79e-17  -0.001   10.04
P03921  -1.812  17.483 5.45e-17 3.73e-17 2.36e-17   0.003    5.76
P04658  -1.719  17.471 9.56e-17 6.04e-17 3.78e-17   0.001    7.34
P01225  -1.829  17.322 9.42e-14 7.95e-14 5.59e-14   0.001   17.31
P03216  -1.780  17.447 6.71e-16 3.48e-15 1.24e-14  -0.000   -0.38
P04990  -1.717  16.289 3.92e-15 2.22e-15 9.21e-16  -0.001   -2.56
P04545  -1.724  17.358 1.18e-15 6.14e-16 2.88e-16   0.000   -1.90
P03219  -1.735  17.264 2.62e-17 2.21e-17 1.44e-17   0.001   -2.82
P01379  -1.761  17.435 7.73e-14 7.53e-14 5.78e-14   0.001   -6.62
P03099  -1.673  16.757 2.70e-15 1.56e-15 6.62e-16  -0.000   -0.53
P01596  -1.720  17.364 1.30e-15 6.98e-16 3.37e-16  -0.000  -14.36
P01027  -1.725  17.191 1.73e-17 1.37e-17 9.70e-18   0.001    1.71
P02013  -1.543  19.145 5.39e-16 3.34e-16 1.69e-16   0.000    0.09
P05732  -1.662  17.440 4.90e-17 3.49e-17 2.09e-17   0.001   -8.43
P04917  -1.780  17.548 4.38e-17 3.13e-17 2.19e-17   0.001    0.72
P00995  -1.664  17.448 4.31e-17 3.11e-17 2.09e-17   0.000  -26.41
P05075  -1.815  18.674 2.34e-16 1.40e-16 8.23e-17   0.000    1.73
P02034  -1.579  17.366 1.06e-17 8.97e-18 6.75e-18   0.001  -19.13
P04385  -1.687  15.478 1.96e-16 1.10e-16 6.21e-17  -0.000   -2.84
P04114  -1.827  17.353 1.63e-16 1.05e-16 6.04e-17   0.000    1.04
P01159  -1.731  17.715 1.35e-15 7.32e-16 3.17e-16  -0.001   -2.08
P01729  -1.814  19.030 2.05e-15 1.10e-15 5.28e-16   0.002    2.27
P02055  -1.625  17.358 5.07e-14 2.56e-14 1.07e-14   0.000   -4.03
P03660  -1.721  17.044 1.37e-17 1.30e-17 9.48e-18  -0.001    5.08
P04396  -1.706  16.461 8.73e-14 4.93e-14 2.74e-14   0.002   -3.89
P03431  -1.591  18.781 1.06e-17 9.28e-18 7.19e-18   0.002    2.56
P03282  -1.798  16.970 3.40e-16 2.18e-16 1.12e-16  -0.000    1.24
P01542  -1.733  19.182 2.48e-16 1.52e-16 8.03e-17   0.001    1.94
P01698  -1.796  17.059 4.92e-15 2.61e-15 1.25e-15   0.001    5.26
P03409  -1.536  17.365 1.95e-15 9.56e-16 4.86e-16   0.001  -11.14
P05438  -1.664  16.512 9.41e-14 6.89e-14 4.29e-14  -0.000   -2.58
P01535  -1.743  17.354 1.53e-15 8.39e-16 4.03e-16   0.002   -9.52
P06122  -1.613  17.027 9.60e-14 6.61e-14 4.02e-14   0.001    6.78
P05273  -1.624  16.838 3.16e-16 1.82e-16 9.47e-17   0.001   -3.23
P04619  -1.582  16.905 1.37e-15 7.55e-16 3.42e-16   0.002   -2.38
P04276  -1.580  18.441 1.93e-16 1.14e-16 6.44e-17   0.001    0.07
P01211  -1.585  17.382 6.98e-16 3.70e-16 1.90e-16   0.000   -7.09
P02866  -1.575  18.990 1.03e-13 6.83e-14 3.82e-14  -0.000    2.99
P00036  -1.704  19.213 7.15e-17 5.22e-17 3.15e-17   0.002   -0.35
P04492  -1.533  16.799 1.48e-17 1.35e-17 9.58e-18   0.000   -1.49
P01165  -1.684  16.425 1.67e-16 1.08e-16 6.13e-17   0.001   -3.96
P03567  -1.483  17.858 2.05e-16 1.30e-16 7.66e-17  -0.001   -2.29
P04855  -1.519  17.463 4.82e-14 5.82e-14 6.38e-14   0.002   -6.05
P04003  -1.509  18.902 8.91e-14 8.92e-14 6.72e-14  -0.000    1.97
P01120  -1.631  17.213 9.72e-16 5.63e-16 2.63e-16  -0.001   -3.55
P01203  -1.591  15.812 2.34e-17 1.94e-17 1.31e-17  -0.000   -4.15
P01675  -1.462  17.269 3.97e-14 2.02e-14 9.81e-15  -0.000   -8.97
P05651  -1.615  23.974 9.69e-17 6.90e-17 3.67e-17  -0.001    1.18
P03898  -1.696  16.973 3.16e-16 1.94e-16 1.05e-16  -0.000    6.02
P02049  -1.574  17.086 4.52e-15 2.18e-15 9.80e-16   0.003   -3.29
P04606  -1.480  16.702 1.41e-16 9.46e-17 5.32e-17  -0.000   -3.27
P01910  -1.630  17.835 4.20e-15 1.93e-15 8.80e-16   0.001   -2.03
P02931  -1.495  17.298 6.01e-16 3.16e-16 1.60e-16   0.002   -6.32
P02272  -1.513  16.777 1.83e-16 1.20e-16 6.50e-17   0.001  -12.91
P05917  -1.525  17.320 1.11e-13 7.74e-14 5.29e-14   0.002   -0.79
P04575  -1.546  16.863 7.19e-14 8.15e-14 6.48e-14   0.001   12.70
P02868  -1.561  18.883 1.42e-15 7.04e-16 3.50e-16  -0.000    3.33
P01897  -1.526  16.702 6.40e-17 4.61e-17 2.85e-17   0.000   44.51
P00520  -1.355  17.588 1.69e-15 8.73e-16 4.48e-16   0.001   -1.17
P02050  -1.600  16.640 6.40e-14 3.22e-14 1.60e-14   0.002  -10.77
P01017  -1.516  18.041 2.84e-16 1.62e-16 9.21e-17   0.000   -2.13
P02029  -1.618  17.355 4.84e-17 3.52e-17 2.22e-17   0.001   -7.42
P05021  -1.478  16.511 4.98e-14 2.65e-14 1.14e-14   0.001   -2.44
P01593  -1.379  19.648 6.78e-16 3.82e-16 2.06e-16   0.001   -1.14
P04612  -1.481  16.681 1.67e-17 1.39e-17 9.36e-18   0.001   -6.07
P01908  -1.640  16.337 2.07e-15 1.14e-15 5.23e-16   0.001   -2.42
P03825  -1.512  18.935 4.38e-15 2.02e-15 1.02e-15   0.001    3.09
P00911  -1.496  18.033 3.91e-15 2.04e-15 8.96e-16  -0.001   -1.06
P03601  -1.631  24.281 2.41e-16 1.48e-16 8.10e-17   0.001    1.56
P00883  -1.465  19.067 3.49e-16 1.98e-16 1.05e-16  -0.002    3.40
P02467  -1.568  16.038 1.57e-17 1.34e-17 9.80e-18   0.002   -3.29
P05405  -1.509  18.949 4.47e-16 2.73e-16 1.44e-16   0.002    3.20
P02709  -1.412  18.801 5.22e-17 3.92e-17 2.30e-17  -0.000    0.90
P03498  -1.402  16.987 1.17e-16 7.88e-17 4.49e-17   0.002   11.12
P05380  -1.497  15.914 1.01e-13 8.02e-14 4.94e-14   0.001   -4.14
P01631  -1.507  16.969 4.83e-14 2.60e-14 1.24e-14   0.002   -2.88
P03267  -1.451  16.153 4.73e-14 2.42e-14 1.03e-14   0.002   -3.34
P00458  -1.485  17.875 1.45e-16 9.37e-17 5.42e-17   0.001   -2.42
P02944  -1.497  18.853 5.50e-17 3.64e-17 2.27e-17  -0.000    1.50
P01418  -1.443  18.976 2.64e-15 1.34e-15 5.67e-16   0.001    2.87
P04076  -1.474  16.872 5.37e-14 2.63e-14 1.23e-14   0.002  -14.77
P05619  -1.337  18.106 1.07e-16 7.55e-17 4.35e-17  -0.002   -1.15
P05391  -1.451  16.742 3.62e-15 1.80e-15 8.09e-16   0.000  -10.95
P02983  -1.465  16.761 4.66e-17 3.61e-17 1.99e-17   0.001  -10.29
P01381  -1.386  16.065 3.00e-16 1.84e-16 9.43e-17  -0.000   -3.32
P00730  -1.509  16.412 4.70e-14 2.54e-14 1.33e-14   0.002   -4.34
P04898  -1.363  17.226 5.84e-16 3.27e-16 1.73e-16  -0.001   -6.00
P05332  -1.370  16.876 6.09e-16 3.28e-16 1.54e-16  -0.000   -4.29
P02273  -1.592  17.443 8.21e-14 8.02e-14 4.95e-14   0.001   -7.67
P05179  -1.549  16.940 4.97e-16 2.63e-16 1.54e-16   0.001   -8.97
P03475  -1.398  16.673 4.63e-17 3.63e-17 2.33e-17   0.001   -3.20
P02142  -1.479  18.169 4.18e-14 2.16e-14 9.27e-15   0.001   -2.16
P03818  -1.495  23.687 3.32e-14 1.86e-14 8.72e-15   0.000    1.05
P03123  -1.461  16.707 1.18e-15 6.32e-16 3.36e-16   0.001  -11.82
P01970  -1.529  17.097 4.88e-16 2.83e-16 1.51e-16  -0.001   -3.87
P00813  -1.360  16.538 1.99e-17 1.73e-17 1.12e-17   0.000   -5.85
P03675  -1.432  19.015 9.04e-14 8.40e-14 6.68e-14   0.001    3.27
P02541  -1.400  18.928 9.50e-14 6.04e-14 3.19e-14   0.001    3.13
P01003  -1.533  16.998 1.41e-16 9.20e-17 5.48e-17   0.001   -0.58
P02133  -1.549  17.048 5.38e-14 2.93e-14 1.29e-14   0.001   -1.39
P05865  -1.384  16.944 4.39e-15 2.16e-15 9.65e-16   0.000   -3.40
P00965  -1.291  17.869 2.80e-16 1.61e-16 8.76e-17  -0.001   -0.82
P01100  -1.410  17.100 1.02e-17 8.48e-18 6.25e-18  -0.002   -3.70
P04274  -1.445  17.687 1.36e-15 7.72e-16 3.53e-16   0.001   -3.67
P06175  -1.423  16.512 4.23e-16 2.27e-16 1.14e-16   0.000   -2.90
P05535  -1.485  19.331 1.32e-16 8.80e-17 4.76e-17  -0.000    1.41
P03693  -1.363  16.571 9.62e-14 5.76e-14 2.94e-14  -0.001   -7.88
P05079  -1.337  17.111 2.49e-15 1.37e-15 6.07e-16   0.002  -30.32
P03797  -1.257  16.905 1.11e-17 1.04e-17 6.13e-18   0.000  -10.25
P00090  -1.365  16.747 1.32e-16 9.52e-17 4.84e-17  -0.000   -6.74
P03306  -1.375  17.177 2.70e-15 1.43e-15 6.59e-16   0.001   -1.24
P02084  -1.424  18.980 3.90e-15 1.86e-15 8.54e-16  -0.002    3.61
P04051  -1.294  17.011 4.27e-17 3.29e-17 2.08e-17   0.003   -2.52
P03523  -1.249  20.062 4.77e-16 2.82e-16 1.49e-16   0.002   -1.34
P01498  -1.468  18.312 1.04e-14 2.31e-14 3.91e-14   0.002   -1.28
P02414  -1.306  17.743 2.65e-15 1.32e-15 5.55e-16   0.000   -3.53
P05559  -1.315  16.702 5.68e-14 2.94e-14 1.44e-14   0.000   -8.07
P02569  -1.402  23.809 3.61e-15 1.82e-15 8.62e-16   0.002    1.57
P05462  -1.366  15.659 1.50e-16 9.79e-17 5.59e-17  -0.000   -3.15
P03075  -1.343  19.232 8.18e-17 5.95e-17 3.34e-17   0.001    0.94
P02226  -1.313  16.590 1.30e-17 1.07e-17 8.19e-18   0.003   -6.68
P05052  -1.315  18.995 5.68e-17 4.10e-17 2.63e-17  -0.000    4.17
P00551  -1.339  16.935 3.27e-17 2.64e-17 1.62e-17   0.002   -3.74
P02249  -1.346  17.593 4.31e-17 3.26e-17 2.22e-17   0.002   -4.67
P01338  -1.081  17.257 6.29e-16 3.75e-16 1.66e-16   0.000   -5.90
P04406  -1.249  19.348 1.94e-15 9.11e-16 4.41e-16   0.001    1.57
P01010  -1.292  17.174 9.05e-14 8.14e-14 5.45e-14   0.000   -4.58
P00972  -1.153  16.948 6.18e-14 3.30e-14 1.66e-14   0.002   -3.85
P00888  -1.260  19.179 5.32e-14 2.71e-14 1.23e-14   0.001    4.66
P04576  -1.333  24.648 2.89e-16 1.77e-16 8.61e-17  -0.000    0.76
P00760  -1.294  16.020 6.54e-17 4.88e-17 2.87e-17  -0.000   -4.40
P03770  -1.271  17.369 2.48e-17 1.98e-17 1.26e-17   0.002   -1.29
P03587  -1.318  17.051 7.61e-14 4.86e-14 2.55e-14   0.001   -5.00
P01867  -1.163  18.742 2.59e-15 1.28e-15 5.66e-16   0.001    1.74
P02154  -1.213  16.225 4.75e-17 3.88e-17 2.21e-17   0.001   -4.37
P02449  -1.251  16.590 1.40e-16 9.34e-17 5.01e-17   0.000   -7.07
P05330  -1.316  19.550 8.84e-14 4.96e-14 2.36e-14   0.000    7.13
P00367  -1.160  18.888 2.47e-15 1.24e-15 5.34e-16   0.001    4.26
P04564  -1.292  17.316 5.68e-14 3.04e-14 1.48e-14   0.000   -6.10
P05527  -1.255  24.606 2.27e-15 1.10e-15 5.03e-16   0.001    0.83
P03558  -1.313  17.727 1.07e-13 6.83e-14 4.55e-14   0.002   -3.23
P04989  -1.112  16.351 7.49e-17 5.60e-17 3.08e-17   0.002   -2.73
P05106  -1.307  19.650 6.54e-14 3.67e-14 1.84e-14   0.001   -1.33
P03540  -1.211  19.100 1.25e-17 1.07e-17 7.76e-18   0.001    3.34
P03902  -1.212  18.830 9.00e-14 8.11e-14 6.17e-14   0.002   -0.17
P04664  -1.286  19.318 2.51e-16 1.53e-16 8.45e-17   0.001    0.74
P04016  -1.162  18.955 2.12e-15 1.05e-15 5.05e-16  -0.000   -0.61
P06225  -1.157  24.699 4.96e-17 3.56e-17 2.15e-17   0.000    0.81
P04997  -1.171  24.121 1.31e-16 8.44e-17 4.23e-17   0.001    1.54
P05979  -1.169  17.740 1.01e-13 8.59e-14 5.51e-14  -0.001   -1.07
P00089  -1.261  17.001 4.78e-16 2.84e-16 1.36e-16   0.001   -3.03
P03449  -1.387  19.378 1.31e-15 7.47e-16 3.31e-16   0.002    2.72
P01808  -1.194  19.352 3.15e-17 2.50e-17 1.62e-17   0.001    3.14
P01552  -1.185  16.133 4.41e-16 2.52e-16 1.26e-16  -0.000   -4.02
P01866  -1.214  17.228 1.33e-15 7.44e-16 3.36e-16   0.000   -3.07
P01274  -1.124  19.111 9.19e-14 9.45e-14 6.38e-14   0.001    4.21
P03316  -1.177  16.922 5.24e-15 2.92e-15 1.26e-15   0.002   -4.18
P00438  -1.229  16.912 4.81e-14 2.54e-14 1.34e-14   0.001   -8.40
P02891  -1.234  19.143 2.60e-15 1.38e-15 5.84e-16  -0.000    0.89
P04681  -1.124  19.542 7.92e-17 5.83e-17 3.48e-17  -0.001   -1.25
P04785  -1.128  19.050 1.47e-15 7.18e-16 3.56e-16   0.001    1.33
P03240  -1.299  19.225 5.28e-14 2.77e-14 1.32e-14   0.002    7.04
P01141  -1.181  16.930 1.26e-15 6.53e-16 3.22e-16   0.001   -3.91
P05110  -1.011  19.367 6.17e-16 3.80e-15 1.17e-14  -0.001    0.68
P03357  -1.175  15.622 7.55e-15 7.46e-15 5.31e-15   0.020   -2.20
P04366  -1.124  16.725 6.01e-14 6.71e-14 6.94e-14   0.001   -5.36
P01532  -1.113  17.052 6.36e-14 3.21e-14 1.68e-14  -0.001   -3.97
P02625  -1.048  20.031 3.16e-16 1.95e-16 1.09e-16   0.001   -1.66
P03067  -1.046  19.289 2.64e-15 1.43e-15 6.32e-16  -0.001    7.60
P05105  -1.197  16.064 1.29e-15 6.85e-16 3.13e-16   0.000   -4.42
P02364  -1.125  17.129 1.99e-16 1.31e-16 7.08e-17   0.002   -2.09
P04282  -0.983  19.307 7.22e-16 4.23e-16 2.09e-16  -0.001    1.55
P00733  -1.020  18.594 1.12e-16 7.02e-17 3.98e-17   0.002   -2.13
P02611  -1.013  18.977 6.25e-16 4.04e-16 1.91e-16   0.001    0.45
P01115  -1.158  17.013 1.85e-16 1.17e-16 6.19e-17  -0.001   -4.73
P06025  -1.112  16.945 4.68e-14 2.21e-14 9.66e-15  -0.001   -3.19
P01614  -1.093  17.278 1.84e-17 1.71e-17 1.07e-17   0.001   -2.04
P05096  -1.008  19.947 1.16e-16 8.56e-17 4.58e-17   0.000   -1.52
P05784  -1.060  19.325 1.93e-16 1.24e-16 6.90e-17   0.001   10.50
P03266  -1.091  17.166 1.84e-16 1.09e-16 5.39e-17  -0.000   -4.85
P05944  -1.154  19.392 6.69e-14 3.24e-14 1.56e-14   0.002   15.40
P04875  -1.135  19.103 3.54e-16 2.14e-16 1.14e-16  -0.001    0.38
P04601  -1.164  17.483 2.60e-16 1.64e-16 7.88e-17  -0.001   -5.74
P02437  -1.121  18.964 6.78e-14 3.82e-14 1.79e-14   0.001    5.70
P05356  -1.090  16.378 3.38e-17 2.80e-17 1.56e-17   0.001   -3.99
P00926  -1.142  19.237 4.01e-16 2.43e-16 1.30e-16   0.001    4.97
P02247  -0.992  17.159 3.90e-14 2.05e-14 1.00e-14   0.002   -5.18
P01733  -1.065  23.653 1.67e-16 1.13e-16 5.40e-17   0.002    1.52
P01669  -1.033  16.884 3.81e-17 3.24e-17 1.95e-17   0.001   -4.35
P04643  -1.035  19.209 9.57e-14 5.95e-14 3.02e-14   0.001   11.35
P00666  -1.009  18.990 9.04e-17 5.66e-17 3.54e-17   0.001    1.01
P04272  -1.124  20.124 9.14e-16 5.37e-16 2.75e-16  -0.000   -1.54
P04380  -1.052  19.216 2.33e-15 1.17e-15 5.38e-16  -0.001    3.20
P04174  -0.885  17.905 5.20e-14 2.76e-14 1.43e-14   0.003   -1.48
P04238  -0.976  19.140 6.67e-16 3.63e-16 1.81e-16   0.001    6.18
P03058  -1.033  19.365 1.58e-15 8.31e-16 3.73e-16  -0.001    4.52
P05922  -1.006  16.234 3.81e-17 2.95e-17 1.85e-17   0.002   -2.90
P05568  -0.991  19.079 1.52e-16 1.03e-16 5.46e-17  -0.000    1.85
P02632  -0.889  16.457 1.81e-15 9.39e-16 4.12e-16   0.001   -6.10
P01199  -0.939  19.392 2.86e-15 1.39e-15 7.24e-16   0.001   -1.59
P02259  -1.097  19.624 5.26e-16 3.13e-15 1.17e-14   0.001   -3.54
P06179  -0.984  16.706 7.28e-16 4.13e-16 2.06e-16  -0.000   -6.00
P02737  -0.992  19.039 1.83e-17 1.32e-17 9.99e-18   0.001    0.45
P03332  -1.059  18.243 1.30e-15 6.87e-16 3.28e-16  -0.000   -2.65
P01284  -1.090  17.464 1.88e-16 1.29e-16 6.90e-17  -0.000   -3.03
P03078  -1.196  18.691 3.20e-15 1.57e-15 7.91e-16   0.002    0.78
P01533  -0.940  19.427 5.39e-15 2.58e-15 1.13e-15   0.000   -5.47
P02152  -0.953  19.201 1.84e-16 1.22e-16 6.80e-17   0.002   -7.04
P04874  -0.898  19.250 2.44e-16 1.57e-16 8.06e-17   0.001   -7.77
P01579  -0.997  16.274 2.47e-16 1.43e-16 7.98e-17  -0.000   -5.56
P04055  -0.930  19.330 4.51e-14 2.20e-14 1.06e-14   0.001    2.60
P00308  -0.975  17.211 1.38e-17 1.22e-17 8.46e-18   0.002   -2.79
P00329  -0.950  18.065 8.64e-17 5.64e-17 3.67e-17   0.004   -2.67
P05317  -1.073  23.876 1.84e-17 1.44e-17 1.01e-17  -0.001    1.54
P04287  -0.880  19.136 1.01e-17 9.37e-18 6.52e-18  -0.000   30.46
P05635  -0.957  19.167 3.89e-15 1.88e-15 9.69e-16  -0.000    4.14
P05291  -0.901  19.178 4.45e-15 2.30e-15 1.04e-15   0.001   -1.48
P05425  -0.891  16.489 5.03e-16 2.99e-16 1.60e-16   0.000   -5.92
P04846  -0.804  16.471 6.48e-14 3.76e-14 1.81e-14   0.002   -5.97
P03344  -0.961  19.477 1.08e-15 5.78e-16 3.02e-16  -0.000   -5.21
P02413  -0.905  19.646 6.26e-16 3.66e-16 1.85e-16   0.002   -2.20
P03382  -0.831  19.371 8.80e-14 8.36e-14 6.58e-14  -0.001  -11.88
P01887  -0.887  16.049 1.34e-16 9.00e-17 5.19e-17   0.001   -3.96
P02071  -0.870  19.268 1.30e-17 1.15e-17 8.00e-18   0.001   -8.59
P00633  -0.772  19.174 4.70e-16 3.05e-16 1.54e-16   0.003  -18.53
P04609  -0.881  19.366 9.41e-16 5.14e-16 2.49e-16   0.003   -7.50
P04215  -0.951  19.267 1.30e-17 1.08e-17 7.69e-18  -0.000  -12.87
P01626  -0.950  16.211 7.68e-16 4.46e-16 2.12e-16   0.001   -5.63
P04634  -0.954  19.297 4.74e-16 2.77e-16 1.38e-16   0.002   -4.78
P03185  -0.856  19.100 1.70e-16 1.08e-16 5.83e-17  -0.001   -2.70
P01327  -0.839  19.199 3.20e-16 2.16e-16 1.08e-16   0.001  -10.03
P01160  -0.808  19.518 2.36e-16 1.49e-16 8.08e-17   0.002   -2.81
P02799  -0.821  18.988 7.21e-17 4.95e-17 3.21e-17  -0.002   -1.45
P04138  -0.853  19.199 1.28e-17 1.16e-17 7.66e-18   0.002   -7.30
P01922  -0.916  17.776 5.87e-15 2.58e-15 1.16e-15   0.001   -3.96
P03174  -0.787  17.983 4.72e-16 3.07e-16 1.61e-16  -0.001   -3.20
P00842  -0.838  19.143 1.04e-13 8.17e-14 4.35e-14  -0.001   -1.68
P04533  -0.834  19.305 9.90e-16 5.00e-16 2.65e-16   0.001  -10.53
P03034  -0.773  19.235 2.02e-16 1.35e-16 7.56e-17   0.000  -14.16
P04045  -0.747  16.677 5.65e-17 4.44e-17 2.70e-17  -0.002   -4.28
P05277  -0.900  19.723 3.37e-17 2.56e-17 1.71e-17   0.001   -3.35
P00866  -0.643  17.396 4.41e-14 6.52e-14 6.56e-14   0.001   -2.02
P00269  -0.747  19.191 2.10e-15 1.18e-15 5.30e-16   0.001   -1.94
P04743  -0.722  18.551 5.47e-16 3.01e-16 1.58e-16   0.003   -2.42
P02500  -0.869  17.119 7.16e-17 5.00e-17 3.04e-17   0.001   -5.23
P03526  -0.782  16.610 8.64e-14 5.93e-14 3.25e-14   0.001   -5.64
P06138  -0.653  19.167 7.60e-14 8.35e-14 6.44e-14   0.000   -6.20
P04921  -0.729  19.147 4.05e-17 3.46e-17 2.20e-17   0.001   -3.05
P02966  -0.724  17.708 1.12e-16 8.12e-17 4.09e-17   0.001   -4.32
P02549  -0.758  16.977 1.68e-15 8.82e-16 4.18e-16   0.000   -5.23
P05238  -0.717  19.132 1.83e-17 1.36e-17 1.00e-17   0.000   -2.24
P02390  -0.632  15.684 2.23e-17 1.78e-17 1.21e-17   0.002   -4.64
P06211  -0.765  19.235 2.11e-17 1.77e-17 1.25e-17  -0.001   -5.49
P01014  -0.718  19.510 3.34e-16 2.04e-16 1.20e-16   0.002   -6.85
P00223  -0.477  17.158 1.37e-17 1.15e-17 8.03e-18  -0.000   -2.71
P03119  -0.604  18.040 6.19e-14 3.30e-14 1.63e-14   0.000   -3.16
P01227  -0.627  19.386 1.15e-16 8.58e-17 4.90e-17   0.000   -4.87
P04569  -0.717  16.772 1.41e-16 8.91e-17 5.34e-17   0.001   -4.02
P04049  -0.547  16.757 7.88e-14 4.94e-14 2.61e-14   0.001   -3.56
P04939  -0.834  19.998 1.55e-15 9.06e-16 4.10e-16  -0.000   -4.24
P00401  -0.606  16.026 3.95e-14 2.04e-14 8.82e-15   0.001   -5.11
P03464  -0.643  23.272 1.76e-14 2.85e-14 3.44e-14   0.000    1.59
P00655  -0.758  19.487 6.32e-17 4.57e-17 2.69e-17   0.001   -6.84
P03685  -0.679  19.586 2.28e-15 1.16e-15 5.65e-16   0.000   -3.71
P00065  -0.699  18.984 1.11e-17 9.54e-18 7.04e-18  -0.000   -2.06
P00989  -0.755  17.302 2.07e-15 1.08e-15 4.98e-16  -0.001   -2.31
P03000  -0.669  16.669 1.35e-17 1.23e-17 8.47e-18   0.002   -4.56
P05729  -0.508  15.417 7.14e-14 3.57e-14 1.92e-14  -0.001   -4.28
P01260  -0.604  23.606 1.62e-15 8.76e-16 3.95e-16   0.001    1.88
P04882  -0.542  19.130 5.78e-14 3.06e-14 1.38e-14   0.001   -3.14
P02815  -0.675  23.196 8.77e-17 6.05e-17 3.07e-17  -0.000    0.75
P01521  -0.673  19.515 1.14e-13 8.71e-14 5.52e-14   0.000   -6.47
P04038  -0.585  23.767 4.01e-14 2.38e-14 1.00e-14   0.002    1.88
P04860  -0.453  19.963 7.31e-17 5.25e-17 3.30e-17   0.001   -5.38
P00168  -0.461  15.566 1.50e-15 8.26e-16 3.98e-16   0.002   -4.78
P02056  -0.437  18.486 1.07e-13 8.36e-14 5.55e-14   0.001   -2.49
P01182  -0.564  19.082 1.25e-17 1.14e-17 7.79e-18  -0.001   -2.02
P04250  -0.476  18.495 8.41e-16 4.30e-16 2.41e-16   0.000   -2.70
P00567  -0.427  16.147 4.84e-16 3.06e-16 1.66e-16   0.001   -5.19
P01616  -0.474  15.141 8.58e-14 8.37e-14 5.02e-14   0.001   -3.67
P01047  -0.453  19.450 1.16e-16 7.33e-17 4.40e-17   0.002   -5.07
P06052  -0.442  17.931 1.05e-13 5.89e-14 3.60e-14   0.003   -3.52
P03639  -0.345  19.213 6.02e-14 3.30e-14 1.46e-14   0.001   -2.32
P02322  -0.406  23.798 2.10e-17 1.60e-17 1.05e-17   0.002    1.59
P03835  -0.337  16.807 4.72e-14 6.60e-14 6.78e-14  -0.000   -3.61
P02509  -0.354  19.546 2.37e-16 1.62e-16 8.09e-17   0.001   -4.18
P02907  -0.465  17.921 1.16e-15 6.06e-16 2.74e-16   0.002   -3.77
P01672  -0.360  19.604 1.37e-15 7.09e-16 3.35e-16   0.002   -5.94
P01325  -0.307  18.503 8.68e-17 6.32e-17 3.70e-17   0.000   -2.73
P04359  -0.246  15.170 2.02e-17 1.71e-17 1.37e-17   0.000   -2.61
P02224  -0.284  18.967 5.35e-14 2.95e-14 1.40e-14   0.001   -2.24
P03925  -0.111  23.261 4.79e-16 2.43e-16 1.24e-16   0.002    2.11
P01424  -0.379  23.392 6.85e-16 3.94e-16 1.98e-16  -0.000    0.96
P02900  -0.297  19.646 1.15e-15 6.49e-16 3.05e-16  -0.001   -5.65
P04053  -0.243  16.602 7.88e-16 4.45e-16 2.42e-16   0.000   -4.06
P01012  -0.359  17.516 7.10e-16 4.26e-16 2.22e-16   0.000   -2.33
P05185  -0.258  19.476 2.71e-15 1.49e-15 6.10e-16   0.001   -5.73
P01253  -0.279  23.113 2.00e-15 9.35e-16 4.49e-16  -0.000    1.17
P00332  -0.203  23.791 5.87e-16 3.14e-16 1.62e-16   0.002    0.97
P05630  -0.366  15.711 8.81e-14 7.15e-14 4.41e-14   0.002   -3.16
P00724  -0.219  16.180 3.01e-15 1.38e-15 7.36e-16   0.001   -4.85
P01347  -0.231  24.236 1.67e-16 1.09e-16 6.10e-17  -0.000    0.20
P04546  -0.308  20.080 9.46e-17 6.65e-17 3.38e-17   0.003   -3.37
P01538  -0.241  16.951 7.78e-14 7.47e-14 5.85e-14   0.001   -4.51
P03303  -0.305  19.670 1.05e-15 5.52e-16 2.84e-16  -0.001   -4.97
P01522  -0.153  17.451 2.04e-16 1.18e-16 6.68e-17   0.001   -2.48
P02336  -0.258  15.450 7.80e-16 4.30e-16 2.11e-16   0.001   -4.60
P00118  -0.132  15.861 1.39e-17 1.07e-17 7.95e-18   0.001   -3.95
P02790  -0.106  16.276 1.54e-17 1.34e-17 9.57e-18  -0.000   -4.38
P00767  -0.132  16.322 4.94e-17 3.58e-17 2.23e-17   0.001   -4.79
P05099  -0.093  23.454 1.36e-17 1.09e-17 7.84e-18   0.001    1.84
P04987  -0.201  23.300 3.82e-16 2.46e-16 1.10e-16   0.000    2.35
P00967  -0.090  19.903 9.51e-16 5.96e-16 2.65e-16  -0.000   -3.87
P05336  -0.101  16.955 2.83e-16 1.89e-16 1.03e-16   0.002   -3.04
P04186  -0.001  15.940 4.80e-16 2.71e-16 1.39e-16   0.000   -4.01
P05829  -0.045  17.161 2.87e-15 1.51e-15 6.76e-16   0.002   -4.61
P00318  -0.003  15.541 5.79e-14 2.72e-14 1.49e-14  -0.001   -4.68
P00962  -0.026  17.214 1.71e-15 8.97e-16 3.96e-16   0.000   -4.61
P01170  -0.041  23.372 3.45e-15 9.91e-15 2.02e-14   0.000    1.94
P03879  -0.102  17.262 9.67e-14 5.55e-14 3.12e-14   0.000   -4.60
P04591  -0.090  20.468 3.37e-15 1.58e-15 7.19e-16  -0.001   -2.69
P00638  -0.011  23.539 7.69e-17 5.18e-17 2.89e-17   0.001    0.67
P03582  -0.034  23.160 2.05e-17 1.61e-17 1.11e-17  -0.001    2.29
P02319  -0.007  19.730 1.13e-16 8.50e-17 4.42e-17   0.002   -4.68
