name x y flux1 flux2 flux3 par rv
P02805  16.494  22.009 3.12e-14 4.07e-14 4.18e-14   0.001   -5.92
P02101  16.514  25.090 7.59e-17 5.02e-17 2.84e-17   0.000   -4.69
P01230  17.835  21.759 3.27e-17 2.51e-17 1.49e-17   0.001   -6.14
P03109  17.962  25.264 7.05e-17 4.78e-17 2.54e-17  -0.001   -4.61
P00213  18.115  26.749 5.86e-17 3.62e-17 2.12e-17  -0.000   -4.13
P04550  18.135  24.489 6.42e-14 3.96e-14 2.19e-14  -0.000   -4.91
P04214  18.299  29.351 3.59e-16 2.01e-16 9.81e-17   0.000   -3.57
P01652  18.385  25.001 1.16e-16 7.50e-17 4.12e-17   0.000   -4.57
P05049  18.544  23.328 1.00e-15 4.10e-16 2.11e-16  -0.000   -5.44
P05460  18.599  22.401 2.13e-16 1.38e-16 7.15e-17  -0.001   -6.09
P05983  18.596  25.776 5.95e-14 4.67e-14 3.39e-14   0.001   -4.31
P02848  18.710  22.585 1.52e-15 8.66e-16 4.19e-16   0.002   -5.96
P04850  18.758  24.480 1.52e-16 1.03e-16 5.73e-17  -0.002   -4.85
P02396  19.006  23.489 4.47e-17 2.85e-17 1.91e-17   0.001   -5.49
P02536  19.005  25.712 1.11e-16 7.07e-17 3.71e-17  -0.002   -4.32
P06029  18.999  26.554 6.00e-14 4.32e-14 2.37e-14   0.000   -4.16
P03754  19.101  21.827 6.28e-14 5.15e-14 2.83e-14   0.001   -6.43
P01326  19.125  22.968 5.21e-14 2.68e-14 1.46e-14   0.000   -5.80
P02304  19.354  22.294 2.25e-15 1.12e-15 5.35e-16   0.004   -6.22
P04304  19.530  22.313 4.62e-17 3.30e-17 1.77e-17   0.002   -6.33
P05939  19.554  20.372 2.40e-16 1.44e-16 7.44e-17   0.002   -7.22
P00860  19.650  25.525 3.10e-16 1.77e-16 9.37e-17  -0.002   -4.21
P04895  19.695  20.591 5.60e-14 5.14e-14 4.13e-14   0.000   -7.13
P05064  19.705  24.219 3.64e-14 4.61e-14 4.10e-14   0.001   -4.81
P05540  19.845  23.761 3.87e-14 2.17e-14 1.02e-14  -0.001   -5.27
P04033  19.806  24.799 1.72e-15 8.51e-16 4.15e-16   0.001   -4.34
P05055  19.705  25.145 3.42e-15 1.74e-15 7.32e-16   0.001   -4.30
P04390  19.921  22.111 1.27e-17 1.07e-17 6.88e-18   0.000   -6.52
P04331  19.994  24.107 1.52e-15 7.49e-16 3.53e-16   0.002   -4.95
P04202  19.911  24.424 3.83e-17 3.08e-17 1.77e-17   0.000   -4.50
P00588  19.913  23.905 1.24e-16 7.60e-17 4.29e-17  -0.000   -5.05
P00096  20.056  26.501 1.30e-16 7.97e-17 4.34e-17  -0.000   -4.19
P05373  20.126  25.687 4.76e-14 5.03e-14 3.78e-14   0.000   -4.12
P04478  20.257  23.892 2.75e-14 1.52e-14 6.67e-15   0.001   -5.21
P00674  20.035  23.717 5.39e-16 2.86e-16 1.39e-16   0.000   -5.25
P04090  20.041  24.772 3.55e-17 2.59e-17 1.61e-17   0.000   -4.24
P00863  20.195  25.099 1.19e-17 9.35e-18 6.72e-18  -0.001   -4.16
P00227  20.091  24.591 2.77e-17 2.29e-17 1.16e-17   0.000   -4.29
P05809  20.234  24.186 2.05e-15 1.10e-15 5.08e-16   0.001   -4.59
P04249  20.233  22.479 6.03e-14 3.36e-14 2.02e-14   0.001   -6.73
P05963  20.207  27.299 2.81e-14 1.45e-14 7.07e-15   0.001   -4.22
P03195  20.438  23.943 8.59e-17 5.64e-17 3.20e-17   0.003   -5.08
P01474  20.423  23.328 7.55e-16 4.05e-16 2.08e-16   0.001   -6.29
P05631  20.549  23.832 1.30e-17 1.16e-17 7.69e-18   0.001   -5.31
P04588  20.431  25.435 2.22e-15 1.12e-15 4.77e-16   0.003   -4.18
P04426  20.529  24.327 1.49e-14 2.52e-14 3.34e-14   0.000   -4.20
P04735  20.562  24.207 3.17e-17 2.30e-17 1.56e-17   0.002   -4.18
P06115  20.413  25.836 9.13e-15 1.91e-14 2.96e-14   0.001   -4.25
P03045  20.638  24.084 8.43e-17 5.31e-17 2.93e-17   0.000   -4.62
P05124  20.593  24.290 2.14e-16 1.27e-16 6.29e-17   0.002   -3.89
P00312  20.640  24.143 1.83e-15 1.01e-15 4.26e-16   0.000   -4.33
P04512  20.537  24.116 4.45e-14 2.19e-14 1.03e-14   0.001   -4.21
P04910  20.569  24.426 3.44e-16 2.04e-16 9.66e-17   0.000   -3.83
P04560  20.617  24.059 1.87e-16 1.05e-16 5.74e-17   0.001   -4.06
P02219  20.640  24.664 6.35e-14 4.51e-14 3.19e-14   0.001   -3.74
P01425  20.680  23.551 1.98e-16 1.11e-16 6.74e-17   0.002   -6.33
P02676  20.694  24.721 1.14e-14 2.16e-14 2.95e-14   0.000   -3.67
P03759  20.875  16.958 2.52e-17 1.97e-17 1.13e-17  -0.001   -8.23
P00703  20.849  25.815 5.63e-17 3.68e-17 2.08e-17  -0.000   -4.33
P03372  20.814  24.253 1.86e-15 1.01e-15 4.37e-16  -0.000   -3.68
P04708  20.790  23.864 6.79e-14 3.95e-14 2.43e-14   0.001   -5.56
P00022  20.860  24.314 2.43e-14 1.24e-14 5.90e-15   0.001   -3.36
P03361  20.904  27.261 5.42e-17 3.88e-17 2.39e-17   0.001   -4.30
P00744  20.892  23.643 1.98e-17 1.49e-17 1.01e-17   0.001   -6.07
P00273  20.788  24.271 1.08e-16 8.43e-16 3.74e-15   0.000   -3.42
P03296  20.941  23.876 1.15e-16 7.43e-17 3.97e-17   0.001   -5.63
P02117  20.898  24.595 5.19e-14 3.48e-14 2.02e-14   0.001   -3.62
P05280  20.888  24.498 1.19e-17 9.18e-18 5.91e-18   0.001   -3.32
P04995  20.831  25.702 1.17e-17 9.68e-18 6.85e-18  -0.000   -4.36
P00771  20.910  23.905 1.64e-14 2.62e-14 3.89e-14   0.001   -5.53
P00391  20.853  24.063 1.05e-16 6.95e-17 3.51e-17  -0.000   -6.38
P03672  20.967  23.825 6.24e-14 4.62e-14 2.56e-14   0.001   -5.85
P03003  20.998  24.946 3.44e-17 2.23e-17 1.39e-17  -0.001   -3.94
P02751  21.036  25.527 6.02e-17 4.40e-17 2.22e-17   0.002   -4.33
P03916  21.123  23.955 4.46e-14 4.31e-14 3.94e-14  -0.000   -6.13
P04616  20.954  25.366 3.87e-17 2.80e-17 1.66e-17   0.002   -4.28
P05118  21.127  23.995 8.90e-17 5.14e-17 3.08e-17  -0.000   -5.35
P05407  21.086  23.907 1.25e-17 1.02e-17 6.17e-18   0.002   -5.93
P04542  21.069  25.393 2.80e-15 1.46e-15 6.04e-16   0.001   -4.30
P01895  21.108  24.430 9.37e-17 5.40e-17 3.12e-17   0.001   -3.32
P04470  21.240  24.269 1.68e-16 1.02e-16 5.63e-17  -0.000   -2.10
P05570  21.125  24.268 1.03e-16 6.61e-17 3.47e-17   0.001   -0.98
P04627  21.258  24.536 2.29e-15 1.31e-15 5.37e-16   0.001   -3.08
P04222  21.164  24.639 5.14e-17 3.55e-17 2.00e-17   0.000   -3.69
P01755  21.193  24.177 1.51e-16 9.61e-17 4.79e-17  -0.001   -1.17
P00210  21.164  21.301 2.17e-16 1.25e-16 6.42e-17  -0.000   -7.43
P03480  21.180  24.268 1.65e-16 1.06e-16 5.98e-17   0.000   49.61
P04543  21.258  24.139 1.34e-16 7.81e-17 4.46e-17   0.000   -2.68
P01247  21.263  21.099 5.69e-16 3.04e-16 1.55e-16   0.000   -7.43
P01478  21.155  23.891 5.60e-14 5.05e-14 3.34e-14  -0.001   -8.16
P06170  21.249  24.098 1.24e-15 5.81e-16 2.64e-16   0.002  -12.68
P05831  21.196  22.152 3.05e-15 1.55e-15 7.13e-16   0.001   -7.25
P06109  21.136  24.358 1.88e-16 1.06e-16 5.93e-17  -0.000   -3.48
P00209  21.296  23.596 1.03e-16 7.55e-17 3.66e-17   0.001   -7.74
P04010  21.325  25.016 3.63e-17 3.13e-17 1.73e-17   0.000   -4.31
P04883  21.148  23.623 4.51e-14 2.45e-14 1.23e-14  -0.001   -7.35
P02858  21.282  24.247 3.38e-14 1.84e-14 8.58e-15   0.001   -8.69
P03819  21.137  22.823 3.20e-15 1.39e-15 6.13e-16   0.001   -7.34
P03307  21.202  25.548 5.92e-14 3.51e-14 2.07e-14   0.001   -4.61
P04300  21.304  24.767 6.02e-16 3.91e-16 1.71e-16   0.002   -4.20
P00390  21.332  24.136 1.07e-15 5.97e-16 2.63e-16  -0.001  -15.44
P06219  21.348  24.125 4.64e-14 2.44e-14 1.20e-14  -0.001   -6.01
P06142  21.288  24.265 5.48e-14 4.76e-14 2.71e-14   0.001   -1.90
P01404  21.232  23.463 1.30e-15 7.79e-16 3.31e-16   0.002   -7.94
P03319  21.499  23.888 1.15e-15 5.55e-16 2.87e-16  -0.000   -9.62
P02158  21.235  24.214 1.03e-17 8.73e-18 6.17e-18   0.001   -9.98
P02100  21.293  24.003 9.85e-16 4.79e-16 2.59e-16  -0.001  -10.97
P03657  21.302  24.113 2.79e-16 1.50e-16 7.60e-17   0.002  -11.27
P02290  21.381  24.187 6.55e-17 4.64e-17 2.35e-17   0.001   -4.94
P00611  21.354  24.521 1.88e-17 1.55e-17 9.99e-18   0.001   -4.35
P02007  21.388  24.252 3.78e-16 2.12e-16 1.06e-16   0.001   -6.80
P02845  21.315  24.129 2.50e-16 1.49e-16 7.19e-17   0.001  -10.62
P00858  21.321  24.039 3.82e-16 2.12e-16 1.07e-16   0.000   -9.97
P02742  21.363  24.333 2.24e-16 1.24e-16 6.98e-17   0.001   -6.28
P02417  21.358  23.821 3.26e-15 1.49e-15 7.14e-16   0.002   -9.63
P02507  21.384  24.008 9.24e-16 4.98e-16 2.32e-16  -0.001   -9.46
P00913  21.423  24.046 2.23e-16 1.31e-16 6.08e-17   0.001  -10.16
P03117  21.355  24.866 8.34e-17 5.04e-17 2.81e-17   0.002   -4.43
P05711  21.527  22.556 2.26e-15 1.03e-15 5.18e-16  -0.000   -7.42
P03177  21.423  24.391 3.79e-17 2.92e-17 1.59e-17   0.000   -5.36
P05321  21.422  24.106 1.98e-15 8.74e-16 4.28e-16   0.002   -7.81
P02046  21.355  23.125 2.78e-17 2.20e-17 1.34e-17   0.000   -7.56
P02880  21.497  23.921 1.94e-15 9.23e-16 4.94e-16   0.001   -8.93
P02276  21.459  24.409 5.24e-14 5.02e-14 3.61e-14   0.001   -5.71
P04904  21.497  24.518 2.17e-17 1.90e-17 1.05e-17   0.000   -5.12
P00708  21.283  23.948 6.54e-14 4.17e-14 3.05e-14   0.000   -8.77
P02031  21.563  26.021 3.22e-14 1.67e-14 7.60e-15   0.000   -4.73
P01351  21.403  25.242 3.76e-14 2.33e-14 1.02e-14   0.000   -4.82
P00125  21.441  20.703 5.95e-14 4.44e-14 3.89e-14  -0.001   -7.55
P03696  21.319  24.483 3.33e-16 1.83e-16 8.71e-17   0.000   -5.41
P02252  21.511  24.395 2.38e-14 1.06e-14 5.43e-15   0.002   -5.88
P05945  21.563  24.779 2.23e-16 1.35e-15 5.26e-15   0.000   -5.19
P00419  21.548  24.600 1.10e-16 8.57e-16 3.87e-15   0.001   -5.34
P04307  21.612  24.145 6.82e-16 3.73e-16 1.80e-16   0.001   -7.67
P03667  21.557  25.817 2.92e-17 2.00e-17 1.25e-17  -0.000   -4.86
P06157  21.509  23.331 2.26e-15 1.13e-15 5.07e-16   0.001   -7.80
P03148  21.721  24.951 5.28e-17 3.52e-17 2.20e-17   0.001   -5.10
P05031  21.606  24.569 3.86e-17 2.73e-17 1.72e-17  -0.000   -5.73
P01101  21.679  24.329 1.07e-15 5.15e-16 2.66e-16  -0.001   -6.09
P03406  21.709  24.336 1.54e-17 1.23e-17 7.63e-18  -0.001   -7.22
P03175  21.673  23.278 1.30e-15 7.31e-16 3.35e-16   0.001   -7.79
P03755  21.642  24.880 6.24e-14 4.47e-14 2.64e-14   0.001   -5.13
P02685  21.539  22.698 2.35e-16 1.34e-16 7.40e-17  -0.001   -7.59
P03059  21.707  25.063 2.50e-15 1.44e-15 6.06e-16  -0.001   -5.22
P04464  21.794  24.012 1.99e-17 1.69e-17 1.07e-17   0.000   -7.92
P03467  21.638  24.139 1.36e-16 8.75e-17 4.41e-17  -0.001   -7.64
P05728  21.959  24.101 2.21e-15 1.06e-15 4.47e-16   0.001   -7.68
P03552  21.811  24.233 5.75e-14 3.53e-14 1.70e-14  -0.001   -6.95
P04292  21.828  24.156 6.14e-14 4.03e-14 2.28e-14   0.001   -7.11
P05376  21.836  23.778 7.80e-16 4.02e-16 1.81e-16   0.001   -7.96
P03010  22.019  24.608 1.44e-15 7.92e-16 3.92e-16   0.002   -6.10
P03443  21.946  23.198 3.04e-15 1.42e-15 6.42e-16   0.002   -7.75
P05511  22.003  23.995 8.60e-16 4.91e-16 2.23e-16   0.001   -7.48
P01809  22.032  24.900 4.00e-16 2.45e-16 1.23e-16   0.000   -5.84
P03509  22.198  20.917 7.63e-16 3.87e-16 1.92e-16   0.000   -7.67
P02006  22.285  24.434 4.48e-14 2.54e-14 1.16e-14   0.000   -6.39
P04920  22.121  23.669 3.62e-14 1.99e-14 9.58e-15   0.001   -7.53
P04789  22.197  24.214 1.03e-17 8.49e-18 6.07e-18   0.002   -6.88
P04393  22.161  24.643 1.39e-14 2.54e-14 3.07e-14  -0.001   -6.38
P00363  22.294  24.071 5.75e-17 4.45e-17 2.12e-17   0.000   -7.14
P04136  22.360  24.595 1.07e-17 8.23e-18 6.05e-18   0.001   -6.62
P03479  22.465  23.630 1.51e-15 7.99e-16 3.79e-16   0.001   -7.58
P01540  22.502  22.870 1.52e-16 9.56e-17 5.32e-17   0.000   -7.62
P04376  22.544  25.010 6.78e-16 3.51e-16 1.68e-16   0.000   -5.82
P04252  22.493  27.270 3.68e-14 4.42e-14 3.51e-14   0.001   -4.77
P03442  22.550  28.236 3.37e-14 1.97e-14 8.86e-15   0.001   -4.47
P04029  22.741  23.071 4.84e-14 2.55e-14 1.42e-14   0.000   -7.55
P04073  22.961  24.006 2.58e-15 1.36e-15 5.84e-16  -0.000   -7.12
P02764  22.785  25.185 1.68e-16 1.15e-16 5.62e-17   0.000   -5.93
P01760  22.975  27.217 2.84e-17 2.07e-17 1.20e-17   0.001   -4.90
P04551  22.845  24.992 1.56e-14 2.93e-14 3.05e-14  -0.002   -6.25
P05687  22.914  25.506 2.67e-15 1.44e-15 5.66e-16   0.001   -5.75
P04411  23.054  24.152 1.72e-16 1.00e-16 5.19e-17  -0.001   -6.84
P02979  23.143  23.486 1.59e-16 9.46e-17 4.94e-17  -0.002   -7.23
P05907  23.258  23.654 1.48e-17 1.13e-17 7.65e-18   0.000   -6.99
P05046  23.442  22.727 9.14e-16 5.07e-16 2.31e-16  -0.000   -7.47
P00523  23.506  24.671 2.40e-14 1.29e-14 6.12e-15   0.001   -6.56
P01052  23.649  22.121 1.13e-16 6.87e-17 3.67e-17   0.002   -7.51
P00447  23.794  23.073 2.46e-14 1.22e-14 5.83e-15   0.000   -7.30
P04115  23.847  24.919 2.59e-14 1.38e-14 6.46e-15  -0.000   -6.38
P00389  23.980  26.568 2.48e-16 1.32e-16 7.15e-17  -0.002   -5.47
P04251  24.160  24.492 9.21e-16 4.53e-16 2.23e-16  -0.000   -6.63
P00369  25.900  27.505 2.51e-14 1.16e-14 5.88e-15   0.000   -5.40
P00899  25.989  24.559 1.70e-16 1.03e-16 5.18e-17  -0.000   -6.49
