x y flux0 flux1 flux2 width rv
-10.645  -1.952 4.54e-17 3.09e-17 1.93e-17 25.95 -1341.14
-10.629  -1.009 5.28e-17 4.55e-17 2.04e-17 34.99 -1340.92
-10.134  -1.816 3.67e-17 2.41e-17 1.59e-17 22.83 -1341.56
-10.107  -1.726 5.66e-17 3.23e-17 2.84e-17 26.82 -1341.49
-10.091  -2.061 6.42e-17 4.28e-17 3.26e-17 29.08 -1341.33
-10.069  -1.768 5.54e-17 3.70e-17 2.11e-17 29.15 -1341.25
-10.063  -1.726 5.57e-17 5.31e-17 3.26e-17 17.93 -1341.36
-10.061  -1.715 5.51e-17 4.84e-17 3.23e-17 17.77 -1341.37
-10.057  -2.045 4.97e-17 4.31e-17 2.09e-17 23.26 -1341.49
-10.023  -1.738 6.92e-17 4.43e-17 3.29e-17 21.72 -1341.35
-10.017  -1.742 4.63e-17 3.38e-17 2.72e-17 28.00 -1341.46
-10.007  -1.718 5.57e-17 2.75e-17 2.26e-17 30.82 -1341.44
 -9.997  -1.779 5.50e-17 3.30e-17 2.82e-17 23.87 -1341.34
 -9.962  -1.659 5.95e-17 3.73e-17 2.98e-17 21.71 -1341.31
 -9.958  -1.810 4.63e-17 4.14e-17 2.69e-17 26.67 -1341.43
 -9.955  -1.580 6.08e-17 4.24e-17 2.19e-17 29.27 -1341.23
 -9.935  -1.632 6.35e-17 3.98e-17 3.13e-17 22.78 -1341.24
 -9.933  -1.687 5.46e-17 3.59e-17 2.36e-17 17.55 -1341.21
 -9.928  -1.768 6.02e-17 3.84e-17 2.27e-17 28.43 -1341.24
 -9.898  -1.863 5.64e-17 2.64e-17 2.54e-17 22.07 -1341.39
 -9.833  -2.433 6.12e-17 4.51e-17 2.22e-17 39.83 -1341.53
 -9.652  -1.350 4.60e-17 4.26e-17 3.08e-17 25.36 -1341.29
