name x y flux1 flux2 flux3 par rv
P05423 -29.839 -41.585 1.24e-15 1.33e-15 9.96e-16   0.014  -17.51
P00422 -28.489 -36.051 1.88e-11 2.80e-11 3.23e-11   0.015  -17.47
P05715 -28.419 -39.647 8.56e-15 7.06e-15 3.53e-15   0.011  -17.52
P01066 -26.032 -37.768 2.08e-17 1.02e-17 6.40e-18   0.010  -17.52
P03402 -24.639 -41.625 2.08e-12 1.03e-12 4.69e-13   0.017  -17.49
P04632 -23.703 -31.844 2.27e-10 6.63e-10 1.25e-09   0.114  -16.18
P06012 -21.517 -39.240 1.16e-11 6.75e-12 3.65e-12   0.007  -17.55
P01647 -20.558 -37.558 8.92e-13 5.63e-13 2.40e-13   0.015  -17.56
P01690 -17.173 -43.144 5.65e-10 2.99e-10 1.71e-10   0.048  -17.12
P02680 -15.591 -39.502 2.18e-13 1.11e-13 5.76e-14   0.007  -17.54
