name x y flux1 flux2 flux3 par rv
P05104 -42.560 -18.817 1.65e-17 1.71e-17 1.53e-17   0.002   14.34
P02710 -38.712 -15.500 1.58e-16 1.28e-16 8.32e-17   0.002   14.06
P01950 -37.994 -15.177 3.53e-17 3.45e-17 2.58e-17   0.001   13.94
P05162 -37.021 -25.932 6.32e-17 6.33e-17 5.11e-17   0.002   14.98
P02850 -36.696 -17.191 1.74e-17 2.43e-17 1.99e-17   0.002   13.68
P00909 -36.180 -15.371 5.91e-15 3.17e-15 1.67e-15   0.000   12.47
P00123 -36.047 -17.038 3.66e-16 2.89e-16 1.61e-16   0.002   13.25
P04618 -35.700 -17.297 2.79e-15 1.76e-15 1.13e-15   0.000   13.13
P04022 -35.649 -17.005 2.24e-16 1.58e-16 1.04e-16   0.002   12.91
P02105 -35.533 -18.620 1.05e-15 6.97e-16 4.03e-16   0.003   13.41
P03864 -35.442 -15.188 5.12e-16 3.33e-16 2.48e-16   0.003   12.12
P05879 -35.354 -15.861 2.12e-15 1.30e-15 6.97e-16   0.001   12.41
P05260 -34.995 -23.770 6.18e-13 3.17e-13 1.23e-13   0.002   14.50
P04148 -34.914 -21.178 7.93e-15 4.50e-15 2.19e-15   0.003   13.82
P01428 -34.946 -15.444 1.00e-15 7.50e-16 3.48e-16   0.002   11.66
P05590 -34.590 -16.440 4.71e-14 1.69e-13 3.18e-13   0.003   12.33
P03590 -34.188 -17.840 1.87e-17 2.22e-17 1.82e-17   0.001   12.83
P05265 -34.102 -18.541 4.50e-16 3.56e-16 2.05e-16   0.002   13.02
P01779 -33.974 -20.944 6.56e-15 3.74e-15 1.89e-15   0.001   13.82
P05220 -33.627 -15.071 5.62e-16 3.95e-16 2.41e-16   0.002   11.33
P00052 -33.561 -17.908 8.62e-13 7.04e-13 5.85e-13   0.002   12.75
P04449 -33.429 -19.109 1.68e-15 1.03e-15 6.34e-16   0.000   13.08
P03181 -33.511 -15.703 5.97e-17 6.82e-17 4.92e-17   0.001   11.72
P00759 -33.013 -15.278 2.32e-14 1.38e-14 5.55e-15   0.002   11.60
P02503 -32.965 -16.741 4.71e-16 3.38e-16 2.35e-16   0.002   12.10
P01420 -32.876 -15.762 2.76e-15 1.93e-15 8.66e-16   0.002   11.74
P05764 -32.536 -20.450 4.36e-16 3.19e-16 2.10e-16   0.004   13.49
P03673 -32.507 -15.267 2.00e-17 2.45e-17 1.97e-17   0.001   11.79
P01930 -32.237 -17.929 1.53e-16 1.42e-16 9.69e-17   0.002   12.69
P02212 -32.175 -15.485 2.34e-13 5.12e-13 6.39e-13   0.002   12.00
P05044 -31.453 -16.196 1.53e-17 1.58e-17 1.97e-17   0.002   12.44
P03377 -31.321 -16.664 1.79e-14 8.46e-15 3.68e-15   0.003   12.47
P04240 -30.997 -16.534 5.48e-13 2.44e-13 1.10e-13   0.003   12.59
P01402 -30.603 -19.195 2.36e-14 1.35e-14 6.77e-15   0.002   13.18
