x y flux0 flux1 flux2 width rv
 -6.393  36.118 5.03e-16 3.74e-16 2.06e-16 79.86 -449.31
 -5.803  34.780 5.01e-16 3.71e-16 2.59e-16 54.79 -449.82
 -5.730  36.095 4.17e-16 2.86e-16 1.95e-16 72.37 -449.65
 -5.639  36.325 4.86e-16 3.35e-16 2.23e-16 63.60 -449.62
 -5.624  36.474 4.18e-16 3.22e-16 2.11e-16 103.14 -449.51
 -5.556  35.459 4.11e-16 3.09e-16 1.91e-16 53.27 -449.58
 -5.418  35.586 5.79e-16 3.93e-16 2.58e-16 57.30 -449.71
 -5.399  35.434 4.43e-16 3.39e-16 2.35e-16 50.55 -449.75
 -5.321  35.378 6.16e-16 4.61e-16 3.01e-16 79.86 -449.71
 -5.273  35.640 4.75e-16 3.46e-16 2.31e-16 76.55 -449.79
 -5.240  35.847 3.68e-16 2.64e-16 1.58e-16 59.94 -449.58
 -5.209  35.405 4.12e-16 3.36e-16 2.08e-16 72.45 -449.88
 -5.192  35.788 5.82e-16 4.47e-16 2.79e-16 70.20 -449.76
 -5.158  34.897 5.18e-16 3.41e-16 2.27e-16 50.12 -449.67
 -5.152  35.537 5.11e-16 4.42e-16 2.51e-16 49.06 -449.71
 -5.133  35.594 3.81e-16 2.78e-16 1.83e-16 76.66 -449.68
 -5.087  35.663 5.39e-16 3.72e-16 2.37e-16 100.79 -449.74
 -5.083  35.669 4.32e-16 2.92e-16 1.96e-16 64.54 -449.88
 -5.080  35.561 4.17e-16 2.90e-16 1.95e-16 47.42 -449.73
 -5.079  35.827 6.48e-16 4.04e-16 2.89e-16 55.37 -449.72
 -5.057  35.597 4.10e-16 3.28e-16 2.01e-16 73.16 -449.90
 -4.929  35.552 4.96e-16 3.43e-16 2.51e-16 106.76 -449.91
 -4.883  35.321 5.65e-16 3.98e-16 2.57e-16 62.48 -449.98
 -4.850  35.969 4.66e-16 3.55e-16 2.21e-16 75.10 -449.64
 -4.839  35.537 4.26e-16 3.01e-16 2.11e-16 81.70 -450.05
 -4.816  36.047 3.90e-16 2.69e-16 1.85e-16 80.80 -449.74
 -4.721  36.087 5.34e-16 4.22e-16 2.90e-16 102.46 -449.56
 -4.214  36.247 5.21e-16 3.89e-16 2.33e-16 58.28 -449.85
 -3.673  35.696 4.88e-16 3.73e-16 2.41e-16 59.66 -449.89
 -2.159  36.329 4.24e-17 3.05e-17 2.32e-17 28.21 -1397.64
 -1.984  36.174 6.10e-17 3.90e-17 2.85e-17 20.05 -1397.76
 -1.892  36.231 5.28e-17 3.76e-17 2.71e-17 31.77 -1397.82
 -1.829  36.385 4.80e-17 3.78e-17 2.41e-17 19.98 -1397.62
 -1.807  36.277 4.64e-17 3.52e-17 2.29e-17 30.06 -1397.42
 -1.806  36.370 4.41e-17 2.90e-17 2.33e-17 15.58 -1397.70
 -1.805  36.388 4.70e-17 3.54e-17 2.52e-17 37.07 -1397.77
 -1.801  36.302 5.63e-17 3.95e-17 2.52e-17 31.34 -1397.61
 -1.796  36.281 4.24e-17 3.28e-17 2.07e-17 26.95 -1397.69
 -1.787  36.328 4.66e-17 3.34e-17 2.18e-17 15.87 -1397.70
 -1.787  36.305 5.43e-17 3.67e-17 2.60e-17 23.76 -1397.68
 -1.786  36.083 6.16e-17 4.64e-17 2.73e-17 27.39 -1397.78
 -1.786  36.327 4.82e-17 3.45e-17 2.13e-17 22.08 -1397.67
 -1.778  36.261 3.96e-17 2.74e-17 1.81e-17 18.24 -1397.73
 -1.755  36.321 5.80e-17 4.12e-17 2.50e-17 36.30 -1397.69
 -1.743  36.352 5.74e-17 3.92e-17 2.68e-17 35.51 -1397.61
 -1.740  36.214 4.87e-17 4.19e-17 2.77e-17 15.62 -1397.81
 -1.738  36.214 4.04e-17 2.94e-17 1.94e-17 24.95 -1397.57
 -1.735  36.349 6.69e-17 4.67e-17 2.95e-17 31.30 -1397.42
 -1.718  36.192 4.95e-17 3.27e-17 2.17e-17 29.57 -1397.84
 -1.710  36.350 4.34e-17 3.28e-17 1.93e-17 20.89 -1397.68
 -1.673  36.283 4.85e-17 3.51e-17 2.35e-17 22.35 -1397.70
 -1.660  36.453 5.51e-17 3.81e-17 2.45e-17 20.22 -1397.77
 -1.568  36.682 4.34e-17 3.29e-17 2.13e-17 29.34 -1397.57
 -1.562  36.077 5.68e-17 4.15e-17 2.92e-17 24.45 -1397.78
 -1.499  36.102 4.28e-17 3.24e-17 2.19e-17 21.79 -1397.73
 -1.126  36.322 5.77e-17 4.09e-17 2.70e-17 34.44 -1397.78
 -0.984  35.903 5.92e-17 4.72e-17 2.84e-17 19.85 -1397.80
