x y flux0 flux1 flux2 width rv
-32.939  -1.731 5.33e-17 3.14e-17 2.85e-17 31.35 -1386.20
-32.734  -1.335 4.23e-17 2.61e-17 1.90e-17 37.52 -1386.10
-32.697  -1.389 5.65e-17 3.97e-17 2.70e-17 21.23 -1386.15
-32.691  -1.490 4.97e-17 3.84e-17 2.80e-17 29.58 -1386.19
-32.681  -1.551 5.37e-17 4.22e-17 2.81e-17 20.01 -1386.44
-32.677  -1.230 4.24e-17 4.98e-17 2.88e-17 20.44 -1386.19
-32.671  -1.435 4.42e-17 4.35e-17 2.40e-17 18.84 -1386.20
-32.665  -1.356 4.59e-17 3.36e-17 1.79e-17 20.40 -1386.23
-32.662  -1.456 6.29e-17 3.07e-17 2.37e-17 17.58 -1386.00
-32.657  -1.524 4.70e-17 3.82e-17 2.12e-17 19.68 -1386.30
-32.657  -1.503 4.94e-17 3.84e-17 3.28e-17 11.83 -1386.15
-32.650  -1.389 5.25e-17 3.29e-17 2.08e-17 34.47 -1386.18
-32.641  -1.432 5.56e-17 3.88e-17 2.63e-17 28.00 -1386.19
-32.637  -1.112 4.40e-17 4.10e-17 2.17e-17 21.45 -1386.09
-32.637  -1.471 5.97e-17 3.77e-17 2.54e-17 31.62 -1386.33
-32.610  -1.167 4.96e-17 3.98e-17 2.03e-17 22.23 -1386.21
-32.604  -1.463 4.97e-17 4.37e-17 2.30e-17 30.56 -1386.23
-32.599  -1.635 6.24e-17 4.07e-17 2.52e-17 20.76 -1386.29
-32.582  -1.433 6.34e-17 4.18e-17 2.28e-17 21.70 -1386.31
-32.581  -1.267 5.02e-17 2.69e-17 2.67e-17 24.45 -1386.16
-32.502  -1.404 5.71e-17 4.94e-17 2.73e-17 21.24 -1386.07
-32.494  -1.388 6.50e-17 4.15e-17 2.60e-17 26.30 -1386.13
-32.422  -0.860 4.99e-17 3.20e-17 2.28e-17 16.34 -1386.01
-32.420  -1.263 5.47e-17 4.94e-17 2.68e-17 29.00 -1386.08
-32.286  -1.799 4.59e-17 4.42e-17 2.25e-17 22.53 -1386.21
