x y flux0 flux1 flux2 width rv
 40.939  38.696 2.21e-17 1.56e-17 1.15e-17 14.46 -2115.36
 40.949  38.680 2.17e-17 1.69e-17 1.32e-17 19.45 -2115.35
 40.950  38.644 2.31e-17 1.73e-17 1.04e-17 15.06 -2115.45
 40.953  38.659 2.47e-17 1.56e-17 1.20e-17 13.53 -2115.49
 40.953  38.592 2.29e-17 1.47e-17 1.20e-17 21.59 -2115.38
 40.954  38.683 2.35e-17 1.89e-17 1.07e-17 12.11 -2115.38
 40.956  38.662 2.13e-17 1.53e-17 9.65e-18 10.54 -2115.62
 40.975  38.684 2.07e-17 1.44e-17 1.06e-17 15.79 -2115.49
 40.980  38.729 2.13e-17 1.47e-17 1.04e-17 17.72 -2115.26
 40.984  38.662 1.98e-17 1.41e-17 9.79e-18 20.43 -2115.26
 40.988  38.731 2.61e-17 1.58e-17 1.13e-17 16.99 -2115.41
 40.993  38.694 2.65e-17 2.29e-17 1.36e-17 17.26 -2115.31
 40.998  38.685 1.83e-17 1.54e-17 9.87e-18 18.03 -2115.37
 41.004  38.789 2.07e-17 1.54e-17 1.05e-17 10.06 -2115.20
 41.008  38.627 1.88e-17 1.49e-17 1.05e-17 19.16 -2115.21
 41.012  38.705 2.43e-17 1.93e-17 1.21e-17 14.77 -2115.38
 41.013  38.692 2.14e-17 1.56e-17 1.07e-17 21.61 -2115.42
 41.014  38.653 1.64e-17 1.00e-17 7.10e-18 15.48 -2115.28
 41.015  38.705 2.16e-17 1.79e-17 1.03e-17 16.50 -2115.46
 41.022  38.688 1.63e-17 1.49e-17 7.90e-18 16.46 -2115.51
 41.022  38.696 2.43e-17 1.72e-17 1.21e-17 17.26 -2115.40
 41.023  38.714 1.93e-17 1.36e-17 8.58e-18 17.42 -2115.58
 41.032  38.741 2.21e-17 1.42e-17 1.04e-17 11.37 -2115.23
 41.042  38.693 2.58e-17 1.80e-17 1.23e-17 12.29 -2115.39
 41.049  38.652 1.92e-17 1.51e-17 9.83e-18 12.17 -2115.31
 41.053  38.724 1.46e-17 1.22e-17 8.16e-18 14.18 -2115.48
 41.058  38.753 1.88e-17 1.67e-17 9.50e-18 21.50 -2115.31
 41.060  38.737 2.25e-17 1.95e-17 1.13e-17 19.37 -2115.44
 41.065  38.708 2.66e-17 1.69e-17 1.27e-17 22.62 -2115.48
 41.273  38.749 2.05e-17 1.49e-17 1.17e-17 31.13 -2115.43
