P03225 -20.925  11.646 9.34e-16 5.04e-16 2.35e-16   0.001   -1.20
P01926 -20.697  14.963 3.18e-14 2.93e-14 1.65e-14  -0.001   -0.73
P04286 -20.514  14.573 2.42e-16 1.38e-16 6.88e-17   0.001   -0.68
P01252 -20.056  13.172 3.69e-17 2.82e-17 1.58e-17   0.001   -1.25
P00804 -20.009  13.235 2.15e-14 1.06e-14 5.28e-15  -0.001   -1.21
P01247 -20.054  13.286 4.32e-17 3.39e-17 1.82e-17  -0.000   -1.21
P04075 -19.863  14.551 2.11e-15 1.16e-15 4.69e-16   0.002   -0.41
P00106 -19.438  13.892 2.35e-14 1.33e-14 7.26e-15   0.000   -0.98
P05331 -19.077  13.826 2.94e-14 1.78e-14 8.93e-15  -0.001   -1.50
P05407 -19.173  14.730 1.70e-17 1.31e-17 7.28e-18   0.001    0.54
P02520 -19.345  14.284 2.86e-14 2.45e-14 1.63e-14   0.002   -0.49
P05624 -19.086  13.953 2.13e-14 1.19e-14 5.64e-15  -0.000   -1.09
P03614 -19.203  13.717 1.04e-14 1.46e-14 1.93e-14   0.002   -1.49
P05051 -19.159  14.650 1.42e-15 7.81e-16 3.15e-16   0.001    0.76
P04525 -19.049  14.534 3.20e-14 2.28e-14 1.57e-14   0.000    1.63
P03839 -19.045  14.353 1.41e-15 6.75e-16 3.55e-16  -0.002    0.10
P04692 -19.059  14.259 2.44e-14 1.54e-14 7.58e-15  -0.000   -0.12
P05469 -19.146  14.500 4.57e-17 3.63e-17 2.14e-17   0.000    0.50
P04038 -18.868  14.193 2.40e-16 1.50e-16 7.10e-17   0.001   -0.47
P01568 -18.830  14.014 3.12e-14 2.69e-14 1.38e-14   0.001   -1.64
P01223 -18.916  14.315 3.21e-14 2.14e-14 1.13e-14  -0.003    1.79
P04549 -18.969  14.536 2.93e-14 2.66e-14 1.86e-14  -0.000    1.75
P02066 -18.826  14.289 2.28e-15 1.15e-15 5.00e-16   0.000   -1.17
P02716 -18.756  14.066 1.79e-14 8.80e-15 4.27e-15  -0.001   -1.44
P02128 -18.745  14.522 1.33e-15 4.00e-15 1.05e-14   0.001    1.10
P03596 -18.790  14.539 4.57e-16 2.70e-16 1.33e-16  -0.001    1.41
P02925 -18.710  14.336 2.37e-14 1.40e-14 6.81e-15   0.002    1.04
P01258 -18.796  14.249 2.40e-16 1.69e-16 7.94e-17   0.001   -0.11
P03312 -18.638  14.335 3.10e-16 1.84e-16 9.44e-17   0.003    1.98
P04372 -18.783  14.883 5.34e-16 2.79e-16 1.47e-16  -0.000    1.02
P04693 -18.690  14.234 3.90e-17 2.97e-17 1.73e-17   0.000   -0.10
P00961 -18.731  14.004 1.92e-16 1.14e-16 6.81e-17  -0.001   -2.80
P00144 -18.772  14.231 1.34e-15 7.00e-16 3.14e-16  -0.000    2.84
P02964 -18.668  14.144 1.22e-16 8.46e-17 4.33e-17  -0.000    3.40
P00039 -18.649  14.612 8.60e-16 5.12e-16 2.07e-16  -0.001    1.76
P03234 -18.645  13.812 2.20e-14 1.29e-14 6.87e-15  -0.001   -2.54
P03074 -18.645  14.275 1.09e-17 9.70e-18 6.14e-18   0.000    4.71
P01479 -18.567  14.231 3.16e-17 2.19e-17 1.48e-17   0.001    3.77
P01284 -18.616  14.168 1.29e-16 7.92e-17 5.27e-17  -0.000   -1.80
P02412 -18.614  14.256 3.47e-14 2.20e-14 1.23e-14  -0.000    3.99
P00088 -18.588  14.829 1.06e-15 5.84e-16 2.87e-16   0.001    1.25
P00081 -18.626  14.195 2.27e-14 1.37e-14 5.72e-15   0.000    2.28
P05352 -18.513  14.479 2.38e-14 1.35e-14 7.58e-15   0.001    1.97
P05336 -18.650  14.263 2.89e-14 2.39e-14 1.77e-14  -0.002   -9.70
P02351 -18.623  14.115 8.31e-17 5.38e-17 3.19e-17   0.000    2.58
P00409 -18.598  14.299 5.46e-16 2.96e-16 1.41e-16   0.002    2.94
P00362 -18.594  14.343 2.13e-14 1.24e-14 6.55e-15   0.000    3.66
P04290 -18.688  13.775 3.91e-17 2.87e-17 1.63e-17   0.001   -2.99
P00214 -18.625  14.168 5.27e-17 4.08e-17 2.26e-17  -0.000    2.72
P02893 -18.611  14.656 4.86e-17 2.84e-17 2.03e-17   0.001    1.81
P05163 -18.562  14.283 7.00e-17 4.19e-17 2.66e-17   0.000    2.13
P01037 -18.594  14.451 2.12e-14 1.29e-14 6.96e-15   0.001    1.74
P04638 -18.653  14.219 1.47e-14 7.94e-15 3.91e-15   0.001    1.21
P03101 -18.480  14.583 1.55e-14 8.46e-15 3.09e-15   0.002    0.87
P05648 -18.504  13.938 2.48e-15 5.78e-15 1.01e-14  -0.000   -3.66
P05372 -18.475  14.442 2.56e-16 1.76e-16 9.20e-17   0.000    1.16
P05086 -18.489  14.280 4.57e-16 2.63e-16 1.39e-16  -0.000    2.76
P03682 -18.385  13.835 2.26e-15 1.23e-15 5.43e-16  -0.001   -3.32
P01813 -18.540  14.175 2.60e-14 2.63e-14 1.98e-14  -0.000    0.63
P00444 -18.480  14.414 1.53e-15 7.72e-16 3.56e-16  -0.002    1.07
P02577 -18.442  14.225 2.79e-14 1.78e-14 9.61e-15   0.000   -5.77
P01127 -18.510  14.374 2.70e-16 1.54e-16 8.56e-17   0.000    2.22
P04819 -18.487  14.701 1.86e-15 1.01e-15 3.68e-16   0.001    1.05
P02003 -18.469  14.543 8.83e-17 5.98e-17 3.14e-17   0.000    1.15
P01092 -18.455  13.991 3.18e-14 2.09e-14 1.39e-14  -0.000   -3.97
P04934 -18.395  14.328 2.47e-15 1.17e-15 4.98e-16   0.002    0.21
P04901 -18.437  13.918 4.53e-16 2.84e-16 1.41e-16   0.000   -3.08
P01995 -18.495  14.123 2.80e-17 2.18e-17 1.28e-17   0.000   -2.58
P04252 -18.428  14.641 2.65e-16 1.59e-16 9.18e-17  -0.001    0.78
P04011 -18.382  14.483 2.24e-17 1.79e-17 1.18e-17   0.002    0.73
P03897 -18.426  14.619 1.49e-14 8.77e-15 3.96e-15  -0.000    0.98
P03377 -18.315  14.087 2.13e-14 2.30e-14 2.02e-14   0.000   -1.77
P00222 -18.311  14.737 1.87e-14 9.19e-15 4.34e-15   0.002    0.60
P02770 -18.272  14.913 2.81e-17 1.98e-17 1.26e-17   0.001    0.48
P04327 -18.309  14.779 2.75e-17 2.19e-17 1.27e-17   0.000    0.33
P01744 -18.225  13.080 9.05e-16 5.12e-16 2.38e-16   0.001   -2.01
P04579 -18.025  13.655 6.67e-16 3.92e-16 1.65e-16  -0.001   -2.44
P04222 -18.196  13.818 1.57e-17 1.13e-17 8.46e-18   0.000   -2.35
P02093 -18.076  13.719 1.42e-16 9.78e-17 4.70e-17   0.000   -2.16
P03630 -18.214  14.338 1.98e-17 1.72e-17 1.01e-17   0.000   -0.50
P02908 -18.041  13.407 3.29e-16 2.03e-16 1.01e-16  -0.000   -2.01
P04153 -17.781  14.989 2.35e-17 1.70e-17 1.25e-17   0.001   -0.09
P00119 -17.850  14.949 1.73e-17 1.39e-17 9.55e-18   0.000   -0.18
P04366 -17.692  14.594 5.67e-16 3.14e-16 1.49e-16  -0.000   -0.40
P02415 -17.436  13.965 1.81e-14 1.17e-14 5.66e-15   0.001   -1.13
P01560 -17.188  14.858 1.57e-16 8.94e-17 5.58e-17   0.002   -0.60
