x y flux0 flux1 flux2 width rv
-23.012  -7.478 4.80e-17 2.39e-17 1.66e-17 26.08 -1513.82
-22.905  -7.122 3.77e-17 2.75e-17 2.24e-17 36.16 -1513.84
-22.754  -7.389 3.87e-17 4.00e-17 3.05e-17 28.97 -1513.89
-22.662  -7.443 2.44e-17 2.10e-17 1.59e-17 24.21 -1513.97
-22.646  -7.198 2.86e-17 3.01e-17 1.60e-17 18.64 -1513.82
-22.621  -7.282 4.03e-17 2.10e-17 1.74e-17 22.33 -1513.98
-22.609  -7.354 4.21e-17 3.69e-17 2.63e-17 24.36 -1513.70
-22.593  -7.175 3.43e-17 3.36e-17 2.01e-17 16.45 -1513.74
-22.582  -7.257 4.35e-17 2.80e-17 2.17e-17 25.16 -1513.82
-22.573  -7.238 7.22e-17 3.15e-17 2.34e-17 20.64 -1513.73
-22.563  -7.212 3.74e-17 3.82e-17 2.43e-17 21.21 -1513.78
-22.561  -7.258 3.70e-17 3.03e-17 1.80e-17 18.12 -1513.58
-22.558  -7.227 4.58e-17 3.07e-17 1.98e-17 17.79 -1513.70
-22.555  -7.269 3.84e-17 2.96e-17 1.82e-17 25.40 -1513.74
-22.552  -7.419 4.55e-17 2.77e-17 1.95e-17 30.64 -1513.93
-22.552  -7.289 4.16e-17 3.80e-17 2.35e-17 23.45 -1513.74
-22.550  -7.262 4.07e-17 3.03e-17 2.35e-17 22.07 -1513.84
-22.547  -7.262 4.48e-17 2.43e-17 2.22e-17 20.79 -1513.75
-22.541  -7.254 3.79e-17 2.74e-17 1.54e-17 26.21 -1513.72
-22.540  -7.245 4.98e-17 4.24e-17 2.44e-17 24.16 -1513.76
-22.539  -7.267 5.19e-17 3.75e-17 3.21e-17 21.77 -1513.63
-22.534  -7.215 3.31e-17 2.42e-17 1.84e-17 24.33 -1513.92
-22.524  -7.236 4.96e-17 4.13e-17 2.50e-17 20.57 -1513.78
-22.512  -7.446 3.81e-17 2.76e-17 1.50e-17 26.37 -1514.04
-22.476  -7.207 4.41e-17 3.21e-17 2.03e-17 18.47 -1513.74
-22.474  -7.262 4.15e-17 2.82e-17 2.34e-17 14.63 -1513.75
-22.471  -7.258 3.82e-17 3.18e-17 1.97e-17 24.48 -1513.70
-22.408  -7.286 4.77e-17 3.69e-17 2.26e-17 27.14 -1513.73
-22.353  -7.495 2.77e-17 2.28e-17 1.33e-17 16.88 -1513.74
-22.162  -7.331 3.97e-17 3.02e-17 1.91e-17 24.61 -1513.92
-21.732  -7.843 4.32e-17 3.42e-17 1.99e-17 18.03 -1513.90
