name x y flux1 flux2 flux3 par rv
P01400 -22.812  24.474 2.17e-15 1.15e-15 4.93e-16  -0.001   17.67
P05347 -22.553  25.499 2.49e-15 8.54e-15 1.83e-14  -0.002   18.27
P05442 -22.163  25.382 8.48e-17 5.90e-17 3.33e-17   0.000   18.44
P02240 -22.085  26.717 2.19e-16 1.33e-16 7.47e-17   0.003   18.65
P03384 -21.141  24.611 3.20e-14 1.78e-14 7.66e-15   0.001   18.86
P05775 -21.116  26.089 1.37e-16 8.00e-17 4.73e-17   0.003   18.37
P03091 -20.862  23.219 6.50e-14 4.42e-14 2.67e-14  -0.001   17.62
P01773 -20.614  24.765 2.88e-17 2.27e-17 1.43e-17   0.000   19.04
P01084 -20.491  24.863 3.24e-14 4.63e-14 4.31e-14   0.001   18.83
P02971 -20.507  24.158 5.92e-14 5.84e-14 3.90e-14   0.000   19.20
P04978 -20.230  25.850 6.17e-14 3.41e-14 1.80e-14   0.001   18.04
P02876 -20.244  24.380 3.43e-16 1.99e-16 9.38e-17   0.001   19.05
P01658 -20.120  24.881 4.46e-17 3.37e-17 2.04e-17  -0.000   18.60
P04418 -20.001  24.159 2.95e-14 4.03e-14 4.46e-14  -0.001   19.15
P02523 -19.985  23.658 4.18e-16 2.48e-16 1.10e-16  -0.000   19.10
P05077 -19.861  24.296 7.79e-14 5.56e-14 3.57e-14   0.001   18.85
P06079 -19.972  23.624 8.91e-17 5.83e-17 3.15e-17  -0.001   19.46
P03901 -19.774  24.288 4.59e-14 2.59e-14 1.33e-14   0.000   19.17
P02398 -19.797  24.278 5.68e-14 3.49e-14 1.74e-14  -0.000   18.86
P01892 -19.725  23.605 1.10e-16 7.82e-17 4.12e-17  -0.002   19.68
P01266 -19.732  22.177 2.67e-14 1.52e-14 6.48e-15   0.002   17.11
P01901 -19.773  23.575 2.69e-17 2.05e-17 1.18e-17   0.001   19.74
P05379 -19.787  23.217 3.82e-16 2.17e-16 1.12e-16  -0.001   18.99
P05908 -19.772  24.369 3.04e-16 1.85e-16 9.00e-17   0.000   18.60
P01577 -19.722  23.887 1.50e-16 9.04e-17 4.93e-17   0.001   19.46
P04695 -19.559  22.672 1.95e-15 1.07e-15 4.76e-16   0.001   17.40
P03038 -19.557  23.662 2.96e-14 4.53e-14 4.60e-14   0.000   18.85
P01355 -19.448  23.106 1.37e-17 1.13e-17 7.55e-18   0.002   18.84
P02627 -19.453  23.347 3.49e-16 2.00e-16 1.14e-16   0.000   19.76
P03103 -19.471  22.711 4.10e-15 1.95e-15 8.91e-16  -0.000   18.46
P01604 -19.281  21.512 1.58e-15 9.04e-16 3.58e-16   0.001   16.71
P04776 -19.318  23.261 6.62e-16 3.64e-16 1.79e-16   0.003   20.38
P01766 -19.401  23.009 1.21e-15 6.19e-16 3.12e-16   0.001   20.82
P02342 -19.309  21.504 3.64e-15 1.78e-15 8.11e-16  -0.001   16.68
P02339 -19.336  23.051 2.88e-14 1.58e-14 7.57e-15   0.001   20.71
P01188 -19.316  23.081 1.35e-16 8.49e-17 4.79e-17  -0.000   20.86
P00107 -19.331  22.848 1.72e-16 1.04e-16 5.59e-17  -0.000   21.62
P03549 -19.202  22.877 8.85e-17 5.74e-17 3.13e-17   0.003   20.36
P05543 -19.087  22.528 5.32e-14 5.27e-14 3.91e-14  -0.002   17.35
P05530 -18.980  22.889 9.78e-17 6.25e-17 3.62e-17   0.001   19.86
P03992 -19.077  21.998 4.00e-15 1.96e-15 8.38e-16   0.001   16.42
P02893 -18.971  22.846 4.03e-17 2.80e-17 1.74e-17  -0.000   20.06
P04697 -18.880  23.808 4.56e-17 3.01e-17 2.09e-17   0.001   18.26
P04096 -19.063  22.304 2.01e-16 1.27e-15 5.39e-15   0.001   10.98
P05281 -18.913  23.763 2.69e-14 1.35e-14 6.13e-15  -0.000   18.06
P02884 -19.050  22.787 1.59e-17 1.06e-17 7.58e-18   0.002   18.88
P05063 -18.994  23.010 1.40e-16 9.64e-17 4.76e-17   0.001   19.61
P04008 -19.042  22.594 1.46e-16 8.98e-17 5.30e-17   0.002   18.94
P05893 -19.030  22.196 3.57e-14 1.89e-14 8.96e-15   0.001   16.65
P04706 -18.967  22.488 5.44e-14 3.36e-14 1.65e-14   0.000   16.66
P01829 -19.042  22.129 4.12e-17 3.04e-17 1.81e-17   0.001   16.40
P00087 -18.955  22.772 1.87e-17 1.47e-17 9.36e-18   0.000   23.53
P05596 -18.908  23.407 1.19e-15 6.08e-16 2.84e-16   0.001   18.18
P02078 -18.897  22.608 6.94e-14 5.85e-14 3.96e-14   0.002   25.19
P00867 -18.926  22.155 2.05e-15 1.05e-15 4.70e-16   0.001   16.62
P05065 -18.891  22.736 6.76e-16 3.11e-16 1.59e-16  -0.001   22.80
P02207 -18.882  23.112 2.37e-17 1.80e-17 1.19e-17   0.000   18.69
P02531 -18.894  21.684 5.46e-17 3.37e-17 2.13e-17  -0.000   16.38
P01663 -18.900  22.591 4.53e-17 3.24e-17 1.99e-17   0.000   16.29
P03497 -18.996  22.032 1.21e-15 5.20e-15 1.31e-14   0.000   16.49
P05289 -18.960  22.863 1.06e-16 6.79e-17 3.74e-17   0.001   22.10
P06072 -18.940  22.607 7.12e-14 5.48e-14 3.67e-14   0.001   18.32
P02988 -18.832  22.564 7.77e-17 5.15e-17 2.91e-17   0.002   22.40
P05552 -18.879  23.831 6.42e-16 3.78e-16 1.85e-16   0.001   17.71
P01306 -18.980  22.488 1.31e-15 6.97e-16 3.20e-16   0.000   17.90
P02766 -18.885  22.792 3.42e-14 1.83e-14 8.67e-15   0.000   19.84
P03633 -18.790  22.340 6.58e-17 4.57e-17 2.55e-17   0.002   15.46
P02456 -18.882  22.250 4.60e-16 2.64e-16 1.21e-16   0.002   12.02
P05884 -18.885  22.847 2.98e-17 2.19e-17 1.43e-17  -0.001   20.38
P02757 -18.872  22.620 6.21e-14 3.33e-14 1.77e-14   0.001   16.88
P05477 -18.737  22.419 7.71e-16 4.30e-16 2.12e-16   0.001   16.51
P00112 -18.883  22.606 4.06e-14 2.05e-14 1.08e-14   0.002   18.26
P05826 -18.931  22.543 4.45e-16 2.79e-16 1.33e-16   0.001    4.10
P01406 -18.871  23.386 1.59e-15 8.04e-16 3.67e-16  -0.000   17.75
P00662 -18.779  22.612 1.50e-15 8.07e-16 3.59e-16   0.000   18.20
P01197 -18.890  22.501 5.24e-17 3.95e-17 2.33e-17   0.002   57.05
P02108 -18.885  22.388 1.11e-16 6.89e-17 3.95e-17  -0.002   14.08
P01843 -18.707  22.653 1.02e-17 7.93e-18 5.72e-18   0.001    1.73
P01968 -18.696  23.575 3.47e-14 1.68e-14 7.97e-15   0.003   17.72
P01234 -18.722  22.503 1.62e-16 1.03e-16 5.39e-17   0.002   28.96
P00124 -18.915  22.499 7.11e-14 4.92e-14 2.93e-14   0.001   18.77
P05071 -18.910  22.595 2.49e-15 8.25e-15 1.83e-14   0.001    4.73
P05286 -18.774  21.626 6.46e-16 3.63e-16 1.78e-16   0.001   16.04
P00368 -18.796  22.525 1.94e-17 1.61e-17 1.00e-17   0.002   15.54
P03763 -18.864  22.399 2.40e-15 1.16e-15 5.79e-16   0.001   11.35
P04285 -18.667  22.760 1.92e-15 9.40e-16 5.02e-16   0.001   18.66
P02042 -18.799  21.867 4.08e-14 2.23e-14 1.01e-14   0.002   16.03
P00396 -18.719  22.502 8.68e-16 4.36e-16 2.17e-16   0.002   16.39
P01316 -18.722  22.229 3.64e-15 1.76e-15 7.99e-16  -0.000   15.58
P04223 -18.827  22.182 1.20e-15 5.83e-16 3.01e-16   0.000   14.37
P05825 -18.763  22.582 3.83e-14 2.22e-14 1.16e-14   0.001   16.40
P04685 -18.573  22.588 1.55e-16 9.62e-17 5.67e-17   0.003    7.76
P01063 -18.601  22.627 1.73e-16 1.05e-16 5.21e-17   0.000   16.19
P03027 -18.668  22.706 4.14e-16 2.55e-16 1.17e-16   0.001   17.84
P06097 -18.721  22.607 3.31e-16 1.91e-16 1.13e-16   0.001    9.17
P02687 -18.645  22.483 6.41e-16 3.27e-16 1.68e-16   0.000    8.34
P05375 -18.673  22.359 5.71e-16 3.21e-16 1.59e-16   0.000    9.79
P01839 -18.662  22.731 9.90e-17 5.95e-17 3.65e-17  -0.001   16.71
P03284 -18.688  22.826 3.25e-17 2.37e-17 1.40e-17   0.001   17.48
P01606 -18.605  21.879 1.60e-16 9.36e-17 5.41e-17  -0.002   15.83
P03172 -18.589  22.327 6.39e-17 4.61e-17 2.83e-17   0.000   12.32
P00225 -18.706  22.571 7.90e-16 4.27e-16 2.00e-16   0.001   14.82
P05284 -18.481  22.175 9.47e-17 7.05e-17 3.78e-17   0.001   12.48
P04949 -18.621  22.337 2.16e-16 1.32e-16 7.05e-17  -0.000   10.92
P02389 -18.610  22.368 1.31e-14 2.50e-14 3.38e-14   0.001   11.87
P02722 -18.571  22.469 1.94e-16 1.16e-16 6.12e-17   0.001   12.63
P03144 -18.524  22.922 6.68e-17 3.95e-17 2.62e-17   0.001   17.04
P02910 -18.571  22.374 2.14e-17 1.62e-17 1.03e-17   0.001   14.46
P05964 -18.517  22.316 5.06e-14 3.18e-14 1.50e-14   0.001   11.59
P03152 -18.459  22.176 5.42e-17 3.93e-17 2.25e-17   0.000   12.85
P04378 -18.474  21.982 9.22e-17 6.72e-17 3.37e-17   0.001   15.32
P05774 -18.513  22.461 9.58e-17 6.01e-17 3.58e-17  -0.001   14.43
P01061 -18.512  22.958 2.35e-17 1.88e-17 1.31e-17   0.001   17.10
P02616 -18.325  22.647 1.09e-16 6.83e-17 3.56e-17   0.002   15.85
P05555 -18.536  22.224 1.82e-17 1.61e-17 9.73e-18  -0.000   12.38
P05707 -18.323  22.221 6.43e-14 4.31e-14 2.36e-14   0.001   13.54
P06181 -18.287  22.239 1.23e-16 7.10e-17 4.04e-17   0.000   14.00
P03276 -18.351  20.877 1.41e-15 6.96e-16 3.26e-16   0.001   16.03
P04086 -18.167  22.967 6.39e-17 4.62e-17 2.50e-17   0.000   16.96
P03490 -18.208  20.890 1.50e-17 1.18e-17 8.05e-18   0.001   16.01
P04232 -18.221  21.876 5.48e-14 3.28e-14 1.77e-14   0.001   13.39
P02308 -18.143  21.759 5.24e-17 3.60e-17 2.23e-17  -0.001   14.58
P01858 -18.095  22.901 3.05e-17 2.05e-17 1.47e-17  -0.000   16.77
P00430 -18.249  22.766 7.05e-14 5.98e-14 3.79e-14  -0.001   16.66
P05679 -18.262  22.512 3.01e-15 1.40e-15 6.13e-16   0.002   13.48
P00831 -18.019  21.824 1.83e-16 1.19e-16 6.02e-17   0.003   13.65
P02025 -18.007  22.753 4.34e-15 2.17e-15 9.75e-16   0.001   16.76
P01345 -17.996  22.522 1.21e-15 6.27e-16 2.88e-16   0.001   16.26
P04328 -17.996  21.766 1.43e-16 9.09e-17 5.11e-17  -0.001   13.84
P02216 -17.901  21.138 1.05e-15 5.27e-16 2.48e-16   0.000   15.20
P05967 -18.022  21.730 1.42e-17 1.20e-17 7.91e-18  -0.001   14.09
P00098 -17.798  21.657 2.67e-17 1.99e-17 1.24e-17   0.003   14.02
P01283 -17.830  21.686 4.37e-17 3.26e-17 1.89e-17   0.001   14.43
P01089 -17.813  21.570 1.34e-16 8.88e-17 4.55e-17   0.000   14.33
P02781 -17.808  21.562 7.60e-14 5.68e-14 3.02e-14  -0.000   14.60
P05986 -17.676  22.563 5.50e-16 3.45e-16 1.57e-16   0.001   16.44
P01324 -17.609  19.693 1.63e-17 1.43e-17 9.42e-18   0.001   15.87
P05610 -17.372  21.494 5.76e-14 5.69e-14 4.59e-14   0.002   14.99
P05886 -17.348  21.165 2.97e-16 1.91e-16 9.46e-17  -0.000   14.56
P04384 -17.488  21.843 4.24e-14 2.32e-14 1.08e-14  -0.000   16.05
P01109 -17.409  21.446 5.47e-16 2.95e-16 1.56e-16   0.000   14.92
P00071 -17.165  20.697 2.27e-17 1.70e-17 1.12e-17  -0.000   14.78
P00281 -17.178  20.964 6.72e-14 5.74e-14 4.09e-14  -0.001   14.77
P00670 -17.110  21.162 2.40e-15 1.21e-15 5.83e-16  -0.000   14.71
P06074 -17.131  20.704 2.41e-17 1.93e-17 1.22e-17  -0.002   14.77
P05131 -17.041  20.892 3.62e-16 2.07e-16 1.08e-16   0.001   14.85
P01358 -16.276  21.132 1.04e-17 9.40e-18 6.24e-18   0.000   15.68
