x y flux0 flux1 flux2 width rv
-13.385  22.154 1.04e-16 8.45e-17 6.16e-17 41.73 -958.25
-12.987  22.375 1.08e-16 9.95e-17 5.91e-17 29.02 -958.45
-12.973  22.218 1.24e-16 8.88e-17 5.97e-17 25.41 -958.43
-12.966  22.316 9.62e-17 8.33e-17 4.99e-17 31.66 -958.26
-12.961  22.222 9.72e-17 6.87e-17 4.31e-17 30.53 -958.34
-12.938  22.268 9.91e-17 6.57e-17 4.78e-17 43.71 -958.31
-12.928  22.260 1.10e-16 7.13e-17 5.28e-17 53.99 -958.37
-12.918  22.258 1.27e-16 8.79e-17 6.40e-17 36.55 -958.18
-12.916  22.393 9.47e-17 7.81e-17 6.24e-17 32.78 -958.44
-12.907  22.281 8.94e-17 7.44e-17 5.58e-17 37.71 -958.31
-12.907  22.254 1.03e-16 5.75e-17 4.18e-17 35.54 -958.37
-12.894  22.275 8.93e-17 6.55e-17 3.97e-17 34.42 -958.24
-12.884  22.242 9.89e-17 8.52e-17 5.18e-17 48.22 -958.39
-12.875  22.268 1.03e-16 7.94e-17 5.92e-17 39.57 -958.23
-12.845  22.298 1.13e-16 7.56e-17 5.22e-17 38.01 -958.32
-12.830  22.179 1.08e-16 7.68e-17 5.09e-17 31.41 -958.29
-12.823  22.269 1.09e-16 8.44e-17 5.37e-17 28.21 -958.33
-12.784  22.149 1.13e-16 7.52e-17 5.74e-17 28.86 -958.43
-12.747  22.624 1.13e-16 8.17e-17 5.79e-17 37.57 -958.32
-12.677  22.245 1.18e-16 8.68e-17 5.41e-17 32.18 -958.29
-12.639  23.034 1.04e-16 7.64e-17 5.48e-17 37.61 -958.40
-12.633  22.580 1.18e-16 8.61e-17 4.95e-17 19.72 -958.34
-12.616  22.206 1.04e-16 8.30e-17 5.11e-17 41.36 -958.32
-12.264  22.261 7.67e-17 5.76e-17 4.26e-17 45.74 -958.35
-10.845  24.509 1.39e-17 1.09e-17 7.12e-18 14.26 -2369.58
-10.321  24.205 1.78e-17 1.16e-17 8.28e-18 10.67 -2369.51
-10.316  23.817 1.69e-17 1.08e-17 7.27e-18 17.31 -2369.21
-10.305  24.347 2.06e-17 1.32e-17 9.10e-18 11.23 -2369.68
-10.199  23.903 1.79e-17 1.07e-17 8.04e-18 17.03 -2369.28
-10.185  23.955 1.91e-17 1.51e-17 9.50e-18 11.59 -2369.37
-10.164  24.109 1.75e-17 1.23e-17 9.57e-18 11.25 -2369.48
-10.142  23.863 1.29e-17 1.21e-17 7.04e-18 17.59 -2369.37
-10.129  23.845 1.73e-17 1.45e-17 8.85e-18 15.87 -2369.47
-10.107  24.080 1.40e-17 1.13e-17 7.45e-18 15.14 -2369.52
-10.063  23.989 2.25e-17 1.35e-17 1.12e-17 14.61 -2369.65
-10.058  23.987 2.25e-17 1.24e-17 8.79e-18 16.65 -2369.50
-10.036  24.040 1.75e-17 1.13e-17 8.46e-18 17.37 -2369.43
-10.031  24.016 1.44e-17 1.11e-17 6.95e-18 14.95 -2369.63
-10.029  23.993 1.86e-17 1.43e-17 9.78e-18 12.96 -2369.69
-10.022  24.048 2.17e-17 1.45e-17 1.10e-17 17.04 -2369.47
-10.000  24.005 2.05e-17 1.35e-17 9.17e-18 18.08 -2369.61
 -9.996  23.914 2.03e-17 1.46e-17 8.84e-18 11.32 -2369.33
 -9.966  24.011 1.86e-17 1.42e-17 8.88e-18 10.84 -2369.39
 -9.959  24.053 1.96e-17 1.39e-17 1.12e-17 14.28 -2369.47
 -9.954  23.980 1.94e-17 1.36e-17 9.35e-18 17.81 -2369.46
 -9.894  23.865 1.93e-17 1.29e-17 6.76e-18 16.43 -2369.21
 -9.700  23.887 2.19e-17 1.50e-17 8.30e-18 16.52 -2369.35
