name x y flux1 flux2 flux3 par rv
P05258  30.006 -24.066 1.39e-16 1.01e-16 4.85e-17   0.000  -12.88
P03695  30.071 -25.777 2.78e-15 1.68e-15 6.83e-16  -0.000  -12.96
P04675  30.339 -21.927 2.07e-13 1.19e-13 6.58e-14   0.022  -14.03
P00431  30.344 -24.911 1.46e-17 1.07e-17 6.80e-18  -0.001  -12.61
P05251  30.434 -24.122 3.69e-14 1.86e-14 7.85e-15   0.002  -13.16
P02498  30.601 -24.236 1.11e-16 7.20e-17 4.11e-17  -0.000  -12.92
P02643  30.520 -25.584 5.29e-14 6.00e-14 5.99e-14  -0.000  -12.70
P05902  30.896 -25.737 8.47e-14 6.11e-14 2.94e-14   0.002  -12.88
P04713  31.056 -24.947 9.57e-17 5.74e-17 3.35e-17   0.001  -12.60
P01772  31.098 -23.452 2.23e-17 1.68e-17 1.24e-17   0.001  -13.84
P00264  31.288 -23.238 1.63e-15 7.10e-16 3.66e-16  -0.000  -13.82
P03569  31.337 -25.004 7.21e-14 5.31e-14 4.61e-14  -0.001  -12.17
P03605  31.343 -25.456 8.97e-16 5.08e-16 2.25e-16   0.002  -12.50
P05981  31.577 -25.423 3.39e-16 1.74e-16 9.09e-17   0.000  -12.15
P02919  31.525 -24.802 2.16e-16 1.01e-16 5.77e-17   0.000  -12.50
P05316  31.824 -23.830 1.82e-17 1.59e-17 9.55e-18   0.001  -14.10
P02163  31.739 -24.758 1.36e-16 7.31e-17 4.99e-17   0.001  -13.02
P05999  31.769 -26.125 3.02e-16 1.79e-16 9.74e-17   0.001  -13.74
P02346  31.738 -25.991 1.53e-15 8.59e-16 3.50e-16   0.001  -13.05
P02939  31.759 -25.425 3.07e-16 1.79e-16 9.16e-17  -0.001  -11.73
P01007  31.857 -19.459 2.93e-14 2.24e-14 1.12e-14   0.007  -14.07
P05370  32.104 -25.268 9.53e-17 6.17e-17 3.72e-17   0.001  -11.74
P02668  32.039 -25.372 6.57e-17 4.17e-17 2.81e-17  -0.000  -11.73
P02000  32.019 -26.293 9.53e-16 1.07e-15 7.90e-16   0.012  -14.73
P00539  32.052 -26.186 8.74e-17 5.76e-17 3.07e-17   0.002  -13.79
P01394  32.056 -25.476 9.85e-16 5.32e-16 2.76e-16   0.000  -11.43
P04812  32.115 -25.088 8.22e-16 4.35e-16 2.04e-16   0.000  -12.58
P02488  32.118 -25.887 6.46e-14 3.11e-14 1.72e-14   0.001  -12.95
P06078  32.175 -25.817 7.36e-16 3.51e-16 1.97e-16   0.001  -13.09
P03935  32.190 -26.559 2.53e-16 1.59e-16 9.39e-17   0.001  -14.08
P01991  32.297 -25.966 3.41e-17 2.24e-17 1.60e-17   0.001  -13.09
P01706  32.183 -25.598 9.73e-14 5.43e-14 3.44e-14   0.003  -11.04
P03273  32.376 -27.081 2.67e-17 1.78e-17 1.27e-17   0.002  -14.41
P02074  32.179 -25.263 2.09e-15 9.70e-16 3.97e-16  -0.000  -11.79
P04737  32.342 -24.880 1.06e-17 1.05e-17 6.46e-18   0.001  -13.40
P01550  32.375 -25.351 2.75e-17 1.98e-17 1.48e-17   0.001  -10.93
P01298  32.254 -25.044 1.43e-15 5.15e-15 1.32e-14   0.001  -12.39
P04613  32.350 -25.187 2.33e-17 1.69e-17 1.04e-17   0.002  -11.62
P03551  32.350 -25.842 1.83e-15 1.07e-15 4.64e-16   0.000  -12.78
P05108  32.463 -25.523 2.77e-16 1.84e-16 8.99e-17   0.001  -10.83
P04419  32.349 -24.912 2.68e-16 1.78e-16 9.39e-17   0.000  -13.23
P00492  32.549 -25.622 2.33e-17 2.33e-17 1.18e-17  -0.000  -13.30
P00259  32.327 -25.335 5.77e-17 4.01e-17 2.44e-17   0.002  -10.35
P01037  32.507 -24.796 2.68e-16 1.48e-16 9.31e-17   0.000  -13.86
P04299  32.593 -26.341 1.05e-16 6.60e-17 3.61e-17   0.001  -14.39
P06134  32.609 -25.702 5.74e-14 2.47e-14 1.19e-14   0.001  -11.72
P05600  32.558 -25.547 8.79e-14 5.38e-14 3.18e-14   0.001  -11.09
P01570  32.616 -25.549 8.16e-14 4.61e-14 2.70e-14  -0.000  -10.79
P03887  32.633 -25.708 1.02e-17 8.77e-18 6.82e-18   0.000  -10.07
P05869  32.577 -20.715 5.84e-15 4.57e-15 3.77e-15   0.013  -14.25
P05813  32.627 -25.311 2.22e-16 1.25e-16 5.88e-17   0.002  -11.18
P05914  32.673 -25.567 3.18e-14 1.83e-14 7.65e-15   0.000  -10.64
P01429  32.625 -25.430 1.20e-17 9.15e-18 6.90e-18   0.002   -9.02
P02051  32.652 -25.283 4.97e-14 2.09e-14 1.16e-14   0.002  -10.80
P05504  32.654 -25.303 1.42e-15 7.43e-16 3.44e-16   0.001   -9.94
P01399  32.683 -25.321 6.33e-14 5.51e-14 5.17e-14   0.001  -11.82
P04930  32.696 -25.183 2.79e-14 1.51e-14 6.63e-15   0.001  -13.50
P00343  32.742 -25.513 1.11e-17 9.79e-18 5.72e-18   0.001   -7.91
P00672  32.780 -26.155 7.80e-14 6.51e-14 3.94e-14   0.001  -14.50
P03208  32.709 -25.376 1.11e-16 7.91e-17 4.28e-17   0.001   -5.31
P00583  32.896 -25.531 1.63e-16 1.01e-16 6.25e-17  -0.001  -12.79
P03822  32.954 -24.813 8.28e-14 4.96e-14 2.94e-14   0.001  -14.65
P01346  32.779 -25.381 8.63e-16 4.11e-16 2.17e-16   0.001  -13.22
P05639  32.873 -25.435 4.93e-14 2.87e-14 1.27e-14  -0.001  -13.97
P04394  32.912 -25.835 4.96e-15 1.34e-14 2.56e-14  -0.000  -14.59
P00775  32.927 -25.641 1.08e-15 5.41e-16 2.77e-16   0.002  -14.43
P04650  32.831 -25.484 3.48e-16 1.60e-16 9.94e-17   0.002  -12.17
P00717  32.933 -25.384 1.54e-16 9.01e-17 5.37e-17   0.003  -14.92
P05777  32.987 -25.504 5.96e-17 4.53e-17 2.24e-17   0.001  -15.21
P00684  32.949 -25.676 1.55e-16 8.21e-17 4.46e-17   0.001  -14.91
P03293  32.893 -25.558 9.01e-16 4.78e-16 2.51e-16  -0.001  -35.47
P02639  32.939 -25.592 3.27e-16 2.19e-16 1.08e-16  -0.001  -31.38
P06197  32.946 -25.975 2.20e-17 1.38e-17 9.86e-18  -0.001  -14.82
P05198  33.094 -25.404 6.89e-17 5.51e-17 3.41e-17   0.000  -23.16
P06202  33.007 -25.780 7.46e-17 4.91e-17 3.03e-17   0.001  -16.00
P01620  33.100 -25.533 1.04e-14 1.83e-14 2.91e-14   0.002  -19.42
P00263  33.191 -25.805 8.55e-16 3.97e-16 2.32e-16   0.002  -15.23
P02796  32.980 -24.641 4.12e-17 2.77e-17 1.91e-17   0.001  -14.91
P02593  33.077 -25.393 4.52e-15 2.64e-15 1.06e-15   0.004  -17.18
P03834  33.059 -25.575 1.43e-15 8.04e-16 3.73e-16   0.001  -23.63
P05694  33.232 -25.890 5.96e-17 4.15e-17 2.10e-17   0.002  -15.92
P03050  33.014 -25.731 6.56e-16 3.09e-16 1.36e-16   0.001  -19.47
P02431  33.102 -25.291 5.83e-14 2.90e-14 1.50e-14   0.001  -15.76
P04620  33.193 -25.191 2.64e-15 1.20e-15 6.14e-16   0.001  -15.60
P02558  33.165 -25.600 2.89e-15 1.39e-15 6.56e-16   0.002  -18.62
P00901  33.070 -26.285 4.35e-14 2.35e-14 9.74e-15   0.001  -15.16
P00882  33.205 -25.791 2.46e-15 1.51e-15 6.98e-16   0.002  -16.21
P00861  33.263 -25.163 3.71e-15 1.79e-15 7.27e-16   0.001  -17.07
P00351  33.237 -25.740 7.01e-15 6.14e-15 5.71e-15   0.025  -14.73
P03277  33.210 -25.533 1.73e-15 7.40e-16 3.43e-16   0.000  -19.18
P00279  33.328 -25.515 8.24e-14 5.86e-14 3.29e-14   0.001  -19.24
P01921  33.396 -27.254 6.98e-16 3.74e-16 1.96e-16  -0.000  -15.17
P06023  33.310 -25.765 2.15e-15 9.61e-16 4.35e-16   0.001  -18.78
P04104  33.430 -25.520 7.65e-14 6.55e-14 3.81e-14   0.001  -17.64
P05352  33.499 -26.135 3.11e-17 2.36e-17 1.32e-17  -0.000  -16.39
P03595  33.513 -24.811 1.38e-17 1.16e-17 7.16e-18   0.000  -15.42
P01751  33.595 -24.918 1.07e-17 8.56e-18 5.39e-18  -0.001  -15.53
P03806  33.597 -25.636 8.02e-14 5.20e-14 3.90e-14   0.000  -18.52
P01303  33.620 -25.097 6.35e-17 4.62e-17 2.46e-17  -0.000  -16.15
P05724  33.596 -25.257 5.61e-16 2.78e-16 1.52e-16  -0.001  -17.25
P05172  33.736 -24.857 4.53e-16 2.26e-16 1.17e-16  -0.001  -15.60
P02490  33.629 -25.481 5.25e-16 2.77e-16 1.42e-16  -0.002  -18.08
P04952  33.896 -26.605 1.80e-15 1.20e-15 5.59e-16   0.001  -15.85
P00896  33.822 -26.038 1.27e-16 9.29e-17 4.26e-17   0.001  -17.37
P02318  33.970 -25.874 1.18e-15 5.60e-16 2.97e-16  -0.000  -17.74
P05276  34.024 -25.525 5.69e-16 3.70e-16 1.81e-16   0.002  -17.44
P05731  33.961 -26.103 4.70e-15 1.37e-14 2.77e-14   0.001  -17.10
P02440  34.109 -26.180 4.93e-15 2.00e-15 9.57e-16  -0.000  -17.16
P02097  34.097 -26.645 2.04e-17 1.44e-17 9.81e-18   0.000  -16.27
P04199  34.231 -26.810 3.64e-16 2.55e-16 1.40e-16   0.001  -15.87
P01638  34.241 -27.695 1.13e-17 9.42e-18 6.73e-18   0.002  -15.49
P04696  34.015 -25.434 7.98e-14 4.36e-14 3.92e-14   0.003  -16.75
P05678  34.340 -27.242 1.37e-14 2.60e-14 3.81e-14  -0.001  -15.90
P05822  34.324 -25.785 1.77e-15 1.01e-15 4.27e-16   0.000  -17.44
P04864  34.359 -27.414 1.40e-16 8.57e-17 4.67e-17  -0.000  -15.61
P05793  34.463 -24.457 3.22e-15 1.60e-15 7.29e-16  -0.002  -15.51
P05860  34.448 -26.046 2.57e-15 1.43e-15 6.35e-16   0.003  -17.40
P04775  34.660 -26.935 1.83e-16 1.21e-16 7.34e-17   0.000  -16.22
P04724  34.462 -25.052 9.42e-17 5.74e-17 3.17e-17   0.001  -16.34
P01717  34.481 -26.054 1.73e-15 9.07e-16 3.60e-16   0.002  -17.17
P02665  34.712 -27.260 5.34e-14 3.11e-14 1.14e-14   0.002  -15.96
P04413  34.873 -25.644 1.68e-15 7.83e-16 4.30e-16  -0.001  -16.92
P05443  34.731 -26.485 4.69e-14 6.26e-14 5.17e-14   0.000  -16.67
P00809  34.934 -25.146 2.50e-14 3.72e-14 4.44e-14   0.001  -16.49
P03212  35.241 -25.386 1.36e-17 1.03e-17 7.99e-18   0.001  -16.72
P03680  35.374 -25.857 5.78e-16 3.45e-16 1.58e-16  -0.000  -16.86
P00038  35.477 -25.969 4.09e-15 1.93e-15 8.64e-16   0.001  -16.92
P01720  35.722 -27.605 6.70e-16 3.56e-16 1.69e-16   0.000  -16.24
P03051  35.823 -27.158 8.66e-14 6.37e-14 4.46e-14  -0.000  -16.43
P03154  35.984 -26.336 6.72e-17 5.11e-17 3.01e-17   0.003  -16.86
P03101  36.111 -25.707 3.79e-16 2.29e-16 1.27e-16   0.000  -16.62
P05926  36.123 -23.965 1.30e-17 9.03e-18 6.31e-18   0.003  -15.62
P04020  37.061 -26.038 4.06e-15 2.28e-15 1.04e-15  -0.001  -16.64
P01923  37.738 -28.198 2.92e-14 2.29e-14 1.70e-14   0.027  -15.34
P05339  38.603 -29.416 8.26e-14 7.14e-14 6.46e-14   0.001  -16.40
P01473  38.676 -29.497 6.41e-16 3.01e-16 1.71e-16   0.010  -15.56
P02443  41.583 -22.802 2.67e-11 1.52e-11 7.32e-12   0.013  -15.27
