x y flux0 flux1 flux2 width rv
 30.602   0.881 2.23e-15 2.57e-15 1.02e-15 202.67 -187.44
 30.709   1.892 3.25e-15 2.28e-15 1.26e-15 246.60 -187.40
 30.711   0.533 3.54e-15 2.37e-15 1.53e-15 190.38 -187.74
 30.721   3.139 2.83e-15 1.68e-15 1.19e-15 289.11 -187.16
 30.835   2.283 2.99e-15 2.07e-15 1.45e-15 200.03 -187.49
 30.837   0.848 3.47e-15 2.69e-15 1.71e-15 174.66 -187.38
 30.920   1.699 3.42e-15 2.63e-15 1.74e-15 170.61 -187.38
 31.257   2.182 3.45e-15 1.98e-15 1.80e-15 220.06 -187.35
 31.367   2.158 3.20e-15 2.27e-15 1.63e-15 193.63 -187.35
 31.453   2.259 2.99e-15 2.22e-15 1.58e-15 177.82 -187.61
 31.473   2.191 3.54e-15 1.98e-15 1.62e-15 177.60 -187.61
 31.499   2.163 2.97e-15 2.68e-15 1.56e-15 222.48 -187.48
 31.505   2.143 2.37e-15 2.27e-15 1.49e-15 261.22 -187.56
 31.509   1.313 2.97e-15 2.07e-15 1.50e-15 186.46 -187.80
 31.538   2.243 2.69e-15 1.96e-15 1.51e-15 143.92 -187.64
 31.543   2.253 2.49e-15 1.99e-15 1.32e-15 186.75 -187.28
 31.550   2.132 3.72e-15 2.30e-15 1.56e-15 253.59 -187.57
 31.605   2.687 2.44e-15 1.59e-15 1.06e-15 209.87 -187.23
 31.662   2.300 3.19e-15 2.57e-15 1.78e-15 161.12 -187.53
 32.272   1.295 2.20e-15 2.24e-15 1.14e-15 174.51 -187.73
 32.312   2.430 1.70e-15 1.25e-15 9.65e-16 94.25 -187.52
 32.442   2.493 2.11e-15 1.92e-15 1.36e-15 206.86 -187.55
 32.511   2.183 3.08e-15 2.43e-15 1.69e-15 215.69 -187.89
 32.652   3.314 2.65e-15 2.16e-15 1.75e-15 227.42 -187.69
 32.926   4.308 2.33e-15 2.13e-15 1.16e-15 164.27 -187.14
